0 -0.306223592727945
6 -0.153014662723451
12 0.984557480507767
18 0.506213641218901
24 1.21185124597887
30 0.701545825808338
36 1.07555055436054
42 0.43429384651814
48 -1.52162495705222
54 -1.39144177303439
60 -0.074235759592823
66 -1.46893901515766
72 -2.57434788689807
78 -0.689135766331548
84 -0.211867233346474
90 -1.04101339522221
96 -0.374968254174198
102 -0.112065925788174
108 -0.950598521376372
114 -0.288834500073513
120 -1.32503729135489
126 1.4425160143313
132 -1.28448389013452
138 -1.30439674770546
144 -1.11565042179777
150 1.7832421457657
156 0.493666887818489
162 -3.38310634968064
168 0.254062478840115
174 0.00617130216077078
180 1.27406514683241
186 0.958426999983177
192 -3.74022958030051
198 -0.92156602667694
204 1.61457756416934
210 -1.13181931340118
216 -3.46095737153735
222 -2.27321538125339
228 -1.86914610290569
234 0.450529661033294
360 -0.440349932514064
366 -0.334820732220982
372 -0.244745783449822
378 0.629480327324268
384 -0.112360936841495
390 -0.470310053549116
396 -1.04422937371563
402 -1.13380499678485
408 0.56144943256231
414 0.342187048206026
420 -0.190779730687952
426 -0.336488427770501
432 -0.0938373713392961
438 0.138401928983491
444 0.26157102612503
450 0.177109550348415
456 1.5865391587373
462 -0.00855340527705051
468 0.393466042678957
474 -0.205739029692951
480 0.0955056570547739
486 1.09886661026475
492 1.20598407193581
498 0.218453817979842
504 0.33780944869452
510 0.565505363763967
516 1.00290060768491
522 -2.14875623800351
528 -1.78834095071706
534 -0.814866199254606
540 -0.127492575769524
546 0.374461993305063
552 -1.40848543972783
558 0.724011277240377
564 -2.92787661030834
570 -0.664154853458591
576 0.814993649853698
582 -0.290789353790944
588 1.71796624056657
594 1.14056449254553
600 -0.123849165510484
606 0.323721230872697
612 1.28213297959837
618 -1.44988296215638
624 -0.773708261483466
630 1.10917774818025
636 1.79721410380939
642 -0.0112248460569145
648 0.182188219928124
654 -0.124248214887787
660 0.767754014023444
666 -0.243508599997634
672 -0.559712661704856
678 -1.38248957760046
684 -0.413407735528885
690 0.446044645699348
696 0.794475809878059
702 0.330605722660221
708 -0.146719869782395
714 -0.138516735902718
720 0.354349053724952
726 0.231170724271386
732 -0.00859132488606584
738 1.03469655281367
744 0.760845452185959
750 0.769846199341942
756 0.961869691480255
762 1.23726528930342
768 0.696557279106441
774 1.24043944260469
780 0.669767793092715
786 -0.614448443486659
792 -0.411057504932343
798 0.181222689018454
804 -1.33620909086509
810 -0.461852272500055
816 -0.294120471831962
822 -0.131358408910574
828 -0.0718595672095958
834 -0.513884404591257
840 -0.655678918373167
846 0.404506636939671
852 -0.931600917683651
858 -1.06231610024177
864 0.913987270530333
870 0.0988587608610276
876 0.493754842904826
882 -0.0999765703621371
888 0.418889591319463
894 0.851442608324915
900 0.698624500561444
906 0.561220157660674
912 -0.160150823309421
918 -0.265040504449474
924 -0.753177109293233
930 0.27553238759225
936 0.121001611235658
942 0.582966083545495
948 0.160986452498335
954 1.25445361749761
960 1.36259569449467
966 -0.515513255496435
972 0.519057169931986
978 1.26510566501442
984 -0.178687410232939
990 0.18625462135893
996 -0.741579477041386
1002 -0.963772142058538
1008 0.718040467072847
1014 0.602186518031993
1020 0.386976930383314
1026 0.770723975088009
1032 1.05175984574053
1038 0.828454999045785
1044 0.899236064620373
1050 0.862603128863533
1056 1.21714620453104
1062 0.561560706501838
1068 -0.705338234930213
1074 1.21539722080307
1080 0.422859159340469
1086 1.11629386046146
1092 -0.604889946978612
1098 0.358885385809235
1104 0.20737104386204
1110 -0.459505540067407
1116 1.05836009161646
1122 0.561248255693453
1128 0.249612032411142
1134 0.524072273503815
1140 1.28541076835644
1146 0.534561642846715
1152 0.572601084628829
1158 -0.199264493135874
1164 1.52028827945765
1170 -0.167314827573065
1176 1.33943867012181
1182 -0.957868672702751
1188 0.642398348494251
1194 -0.358090419306797
1200 1.24235111556415
1206 0.94540670196014
1212 0.852739171356335
1218 0.965972078818164
1224 1.18667175978934
1230 0.616329998434904
1236 0.156347496688338
1242 1.40801832442397
1248 1.97251552051538
1254 -0.749121997936594
1260 1.84399892480568
1266 1.75261562199042
1272 0.277301231799579
1278 -2.38154189495766
1284 -2.72368693449275
1290 -1.14908542484129
1296 -0.357868164308587
1302 0.949655836858621
1308 2.17300234080942
1620 -1.34062117318474
1626 0.733746935907294
1632 1.82282288994059
1638 -0.472894388941076
1644 -1.85307862103881
1650 -1.11757949969479
1656 -0.966424093612958
1662 0.300183693973815
1668 1.78186560294746
1674 0.878073403366078
1680 -0.311904856284161
1686 -1.78893680814977
1692 -3.15403601938435
1698 -1.30835064845896
1704 0.746849372609696
1710 1.81018649004012
1716 1.08019085946889
1722 -0.344683310890199
1728 0.0339594163871846
1734 1.0144735305071
1740 0.695190846358103
1746 0.17443903021084
1752 0.650560174968303
1758 0.82192922212187
1764 0.486972029279955
1770 -0.455817114043595
1776 -0.607858713693409
1782 -0.570472224385148
1788 -1.44486130263391
1794 -1.83210032025068
1800 -1.53312228587113
