+0.0000000E+000 -3.0622359E-001 +7.1131819E-001 -1.0175418E+000
+6.0000000E+000 -1.5301466E-001 +5.8226794E-001 -7.3528260E-001
+1.2000000E+001 +9.8455748E-001 +4.5321769E-001 +5.3133979E-001
+1.8000000E+001 +5.0621364E-001 +3.2416745E-001 +1.8204620E-001
+2.4000000E+001 +1.2118512E+000 +1.9511720E-001 +1.0167340E+000
+3.0000000E+001 +7.0154583E-001 +6.6066953E-002 +6.3547887E-001
+3.6000000E+001 +1.0755506E+000 -6.2983293E-002 +1.1385338E+000
+4.2000000E+001 +4.3429385E-001 -1.9203354E-001 +6.2632739E-001
+4.8000000E+001 -1.5216250E+000 -3.2108379E-001 -1.2005412E+000
+5.4000000E+001 -1.3914418E+000 -4.5013403E-001 -9.4130774E-001
+6.0000000E+001 -7.4235760E-002 -5.7918428E-001 +5.0494852E-001
+6.6000000E+001 -1.4689390E+000 -7.0823452E-001 -7.6070449E-001
+7.2000000E+001 -2.5743479E+000 -8.3728477E-001 -1.7370631E+000
+7.8000000E+001 -6.8913577E-001 -9.6633502E-001 +2.7719925E-001
+8.4000000E+001 -2.1186723E-001 -9.2360993E-001 +7.1174270E-001
+9.0000000E+001 -1.0410134E+000 -8.7307688E-001 -1.6793651E-001
+9.6000000E+001 -3.7496825E-001 -8.2254383E-001 +4.4757557E-001
+1.0200000E+002 -1.1206593E-001 -7.7201078E-001 +6.5994485E-001
+1.0800000E+002 -9.5059852E-001 -7.2147772E-001 -2.2912080E-001
+1.1400000E+002 -2.8883450E-001 -6.7094467E-001 +3.8211017E-001
+1.2000000E+002 -1.3250373E+000 -6.2041162E-001 -7.0462568E-001
+1.2600000E+002 +1.4425160E+000 -5.6987856E-001 +2.0123946E+000
+1.3200000E+002 -1.2844839E+000 -5.1934551E-001 -7.6513838E-001
+1.3800000E+002 -1.3043967E+000 -4.6881246E-001 -8.3558429E-001
+1.4400000E+002 -1.1156504E+000 -4.1827940E-001 -6.9737102E-001
+1.5000000E+002 +1.7832421E+000 -3.6774635E-001 +2.1509885E+000
+1.5600000E+002 +4.9366689E-001 -3.1721330E-001 +8.1088019E-001
+1.6200000E+002 -3.3831063E+000 -3.3827572E-001 -3.0448306E+000
+1.6800000E+002 +2.5406248E-001 -3.6615675E-001 +6.2021923E-001
+1.7400000E+002 +6.1713022E-003 -3.9403779E-001 +4.0020909E-001
+1.8000000E+002 +1.2740651E+000 -4.2191883E-001 +1.6959840E+000
+1.8600000E+002 +9.5842700E-001 -4.4979986E-001 +1.4082269E+000
+1.9200000E+002 -3.7402296E+000 -4.7768090E-001 -3.2625487E+000
+1.9800000E+002 -9.2156603E-001 -5.0556193E-001 -4.1600409E-001
+2.0400000E+002 +1.6145776E+000 -5.3344297E-001 +2.1480205E+000
+2.1000000E+002 -1.1318193E+000 -5.6132400E-001 -5.7049531E-001
+2.1600000E+002 -3.4609574E+000 -5.8920504E-001 -2.8717523E+000
+2.2200000E+002 -2.2732154E+000 -6.1708608E-001 -1.6561293E+000
+2.2800000E+002 -1.8691461E+000 -6.4496711E-001 -1.2241790E+000
+2.3400000E+002 +4.5052966E-001 -6.7284815E-001 +1.1233778E+000
+2.4000000E+002 +1.2849308E+000 -6.5088761E-001 +1.9358184E+000
+2.4600000E+002 +3.3025516E-002 -6.2145083E-001 +6.5447634E-001
+2.5200000E+002 -8.0635783E-001 -5.9201405E-001 -2.1434378E-001
+2.5800000E+002 +3.6548219E-001 -5.6257727E-001 +9.2805946E-001
+2.6400000E+002 -1.0528661E+000 -5.3314049E-001 -5.1972564E-001
+2.7000000E+002 -1.6291232E-001 -5.0370371E-001 +3.4079139E-001
+2.7600000E+002 +4.3375244E-001 -4.7426693E-001 +9.0801937E-001
+2.8200000E+002 +4.3547250E-001 -4.4483015E-001 +8.8030265E-001
+2.8800000E+002 +1.4054554E-001 -4.1539337E-001 +5.5593891E-001
+2.9400000E+002 -1.0527591E+000 -3.8595659E-001 -6.6680253E-001
+3.0000000E+002 -1.1461819E+000 -3.5651981E-001 -7.8966211E-001
+3.0600000E+002 -5.4145436E-001 -3.2708303E-001 -2.1437132E-001
+3.1200000E+002 -6.4028038E-001 -2.9764625E-001 -3.4263412E-001
+3.1800000E+002 -4.4318126E-002 -2.9621165E-001 +2.5189352E-001
+3.2400000E+002 -7.5516217E-001 -3.0067224E-001 -4.5448993E-001
+3.3000000E+002 -8.7432644E-001 -3.0513284E-001 -5.6919360E-001
+3.3600000E+002 -3.2280190E-003 -3.0959343E-001 +3.0636541E-001
+3.4200000E+002 -3.4317208E-001 -3.1405403E-001 -2.9118053E-002
+3.4800000E+002 -8.9533796E-001 -3.1851462E-001 -5.7682334E-001
+3.5400000E+002 +6.3923332E-001 -3.2297521E-001 +9.6220853E-001
+3.6000000E+002 -4.4034993E-001 -3.2743581E-001 -1.1291413E-001
+3.6600000E+002 -3.3482073E-001 -3.3189640E-001 -2.9243323E-003
+3.7200000E+002 -2.4474578E-001 -3.3635699E-001 +9.1611210E-002
+3.7800000E+002 +6.2948033E-001 -3.4081759E-001 +9.7029791E-001
+3.8400000E+002 -1.1236094E-001 -3.4527818E-001 +2.3291724E-001
+3.9000000E+002 -4.7031005E-001 -3.4973877E-001 -1.2057128E-001
+3.9600000E+002 -1.0442294E+000 -2.9337781E-001 -7.5085156E-001
+4.0200000E+002 -1.1338050E+000 -2.2012197E-001 -9.1368303E-001
+4.0800000E+002 +5.6144943E-001 -1.4686613E-001 +7.0831556E-001
+4.1400000E+002 +3.4218705E-001 -7.3610284E-002 +4.1579733E-001
+4.2000000E+002 -1.9077973E-001 -3.5444250E-004 -1.9042529E-001
+4.2600000E+002 -3.3648843E-001 +7.2901399E-002 -4.0938983E-001
+4.3200000E+002 -9.3837371E-002 +1.4615724E-001 -2.3999461E-001
+4.3800000E+002 +1.3840193E-001 +2.1941308E-001 -8.1011154E-002
+4.4400000E+002 +2.6157103E-001 +2.9266892E-001 -3.1097899E-002
+4.5000000E+002 +1.7710955E-001 +3.6592477E-001 -1.8881522E-001
+4.5600000E+002 +1.5865392E+000 +4.3918061E-001 +1.1473586E+000
+4.6200000E+002 -8.5534053E-003 +5.1243645E-001 -5.2098986E-001
+4.6800000E+002 +3.9346604E-001 +5.8569229E-001 -1.9222625E-001
+4.7400000E+002 -2.0573903E-001 +5.3504283E-001 -7.4078186E-001
+4.8000000E+002 +9.5505657E-002 +4.4066208E-001 -3.4515642E-001
+4.8600000E+002 +1.0988666E+000 +3.4628133E-001 +7.5258528E-001
+4.9200000E+002 +1.2059841E+000 +2.5190059E-001 +9.5408348E-001
+4.9800000E+002 +2.1845382E-001 +1.5751984E-001 +6.0933978E-002
+5.0400000E+002 +3.3780945E-001 +6.3139093E-002 +2.7467036E-001
+5.1000000E+002 +5.6550536E-001 -3.1241654E-002 +5.9674702E-001
+5.1600000E+002 +1.0029006E+000 -1.2562240E-001 +1.1285230E+000
+5.2200000E+002 -2.1487562E+000 -2.2000315E-001 -1.9287531E+000
+5.2800000E+002 -1.7883410E+000 -3.1438390E-001 -1.4739571E+000
+5.3400000E+002 -8.1486620E-001 -4.0876464E-001 -4.0610156E-001
+5.4000000E+002 -1.2749258E-001 -5.0314539E-001 +3.7565281E-001
+5.4600000E+002 +3.7446199E-001 -5.9752614E-001 +9.7198813E-001
+5.5200000E+002 -1.4084854E+000 -5.7119805E-001 -8.3728739E-001
+5.5800000E+002 +7.2401128E-001 -4.9205985E-001 +1.2160711E+000
+5.6400000E+002 -2.9278766E+000 -4.1292165E-001 -2.5149550E+000
+5.7000000E+002 -6.6415485E-001 -3.3378345E-001 -3.3037140E-001
+5.7600000E+002 +8.1499365E-001 -2.5464525E-001 +1.0696389E+000
+5.8200000E+002 -2.9078935E-001 -1.7550705E-001 -1.1528231E-001
+5.8800000E+002 +1.7179662E+000 -9.6368848E-002 +1.8143351E+000
+5.9400000E+002 +1.1405645E+000 -1.7230647E-002 +1.1577951E+000
+6.0000000E+002 -1.2384917E-001 +6.1907553E-002 -1.8575672E-001
+6.0600000E+002 +3.2372123E-001 +1.4104575E-001 +1.8267548E-001
+6.1200000E+002 +1.2821330E+000 +2.2018395E-001 +1.0619490E+000
+6.1800000E+002 -1.4498830E+000 +2.9932215E-001 -1.7492051E+000
+6.2400000E+002 -7.7370826E-001 +3.7846036E-001 -1.1521686E+000
+6.3000000E+002 +1.1091777E+000 +3.9243580E-001 +7.1674195E-001
+6.3600000E+002 +1.7972141E+000 +3.7165777E-001 +1.4255563E+000
+6.4200000E+002 -1.1224846E-002 +3.5087975E-001 -3.6210460E-001
+6.4800000E+002 +1.8218822E-001 +3.3010173E-001 -1.4791351E-001
+6.5400000E+002 -1.2424821E-001 +3.0932370E-001 -4.3357192E-001
+6.6000000E+002 +7.6775401E-001 +2.8854568E-001 +4.7920834E-001
+6.6600000E+002 -2.4350860E-001 +2.6776765E-001 -5.1127625E-001
+6.7200000E+002 -5.5971266E-001 +2.4698963E-001 -8.0670229E-001
+6.7800000E+002 -1.3824896E+000 +2.2621160E-001 -1.6087012E+000
+6.8400000E+002 -4.1340774E-001 +2.0543358E-001 -6.1884131E-001
+6.9000000E+002 +4.4604465E-001 +1.8465555E-001 +2.6138909E-001
+6.9600000E+002 +7.9447581E-001 +1.6387753E-001 +6.3059828E-001
+7.0200000E+002 +3.3060572E-001 +1.4309950E-001 +1.8750622E-001
+7.0800000E+002 -1.4671987E-001 +1.4352811E-001 -2.9024798E-001
+7.1400000E+002 -1.3851674E-001 +1.5758956E-001 -2.9610630E-001
+7.2000000E+002 +3.5434905E-001 +1.7165101E-001 +1.8269804E-001
+7.2600000E+002 +2.3117072E-001 +1.8571246E-001 +4.5458264E-002
+7.3200000E+002 -8.5913249E-003 +1.9977391E-001 -2.0836523E-001
+7.3800000E+002 +1.0346966E+000 +2.1383536E-001 +8.2086119E-001
+7.4400000E+002 +7.6084545E-001 +2.2789681E-001 +5.3294864E-001
+7.5000000E+002 +7.6984620E-001 +2.4195826E-001 +5.2788794E-001
+7.5600000E+002 +9.6186969E-001 +2.5601971E-001 +7.0584998E-001
+7.6200000E+002 +1.2372653E+000 +2.7008116E-001 +9.6718413E-001
+7.6800000E+002 +6.9655728E-001 +2.8414261E-001 +4.1241467E-001
+7.7400000E+002 +1.2404394E+000 +2.9820405E-001 +9.4223539E-001
+7.8000000E+002 +6.6976779E-001 +3.1226550E-001 +3.5750229E-001
+7.8600000E+002 -6.1444844E-001 +2.9334418E-001 -9.0779263E-001
+7.9200000E+002 -4.1105750E-001 +2.4905150E-001 -6.6010901E-001
+7.9800000E+002 +1.8122269E-001 +2.0475882E-001 -2.3536131E-002
+8.0400000E+002 -1.3362091E+000 +1.6046614E-001 -1.4966752E+000
+8.1000000E+002 -4.6185227E-001 +1.1617346E-001 -5.7802573E-001
+8.1600000E+002 -2.9412047E-001 +7.1880775E-002 -3.6600125E-001
+8.2200000E+002 -1.3135841E-001 +2.7588093E-002 -1.5894650E-001
+8.2800000E+002 -7.1859567E-002 -1.6704589E-002 -5.5154979E-002
+8.3400000E+002 -5.1388440E-001 -6.0997270E-002 -4.5288713E-001
+8.4000000E+002 -6.5567892E-001 -1.0528995E-001 -5.5038897E-001
+8.4600000E+002 +4.0450664E-001 -1.4958263E-001 +5.5408927E-001
+8.5200000E+002 -9.3160092E-001 -1.9387532E-001 -7.3772560E-001
+8.5800000E+002 -1.0623161E+000 -2.3816800E-001 -8.2414810E-001
+8.6400000E+002 +9.1398727E-001 -2.3387305E-001 +1.1478603E+000
+8.7000000E+002 +9.8858761E-002 -1.8503945E-001 +2.8389821E-001
+8.7600000E+002 +4.9375484E-001 -1.3620584E-001 +6.2996069E-001
+8.8200000E+002 -9.9976570E-002 -8.7372238E-002 -1.2604332E-002
+8.8800000E+002 +4.1888959E-001 -3.8538634E-002 +4.5742822E-001
+8.9400000E+002 +8.5144261E-001 +1.0294971E-002 +8.4114764E-001
+9.0000000E+002 +6.9862450E-001 +5.9128575E-002 +6.3949593E-001
+9.0600000E+002 +5.6122016E-001 +1.0796218E-001 +4.5325798E-001
+9.1200000E+002 -1.6015082E-001 +1.5679578E-001 -3.1694661E-001
+9.1800000E+002 -2.6504050E-001 +2.0562939E-001 -4.7066989E-001
+9.2400000E+002 -7.5317711E-001 +2.5446299E-001 -1.0076401E+000
+9.3000000E+002 +2.7553239E-001 +3.0329660E-001 -2.7764210E-002
+9.3600000E+002 +1.2100161E-001 +3.5213020E-001 -2.3112859E-001
+9.4200000E+002 +5.8296608E-001 +3.8165255E-001 +2.0131353E-001
+9.4800000E+002 +1.6098645E-001 +3.9010809E-001 -2.2912163E-001
+9.5400000E+002 +1.2544536E+000 +3.9856362E-001 +8.5589000E-001
+9.6000000E+002 +1.3625957E+000 +4.0701915E-001 +9.5557654E-001
+9.6600000E+002 -5.1551326E-001 +4.1547468E-001 -9.3098794E-001
+9.7200000E+002 +5.1905717E-001 +4.2393021E-001 +9.5126957E-002
+9.7800000E+002 +1.2651057E+000 +4.3238575E-001 +8.3271992E-001
+9.8400000E+002 -1.7868741E-001 +4.4084128E-001 -6.1952869E-001
+9.9000000E+002 +1.8625462E-001 +4.4929681E-001 -2.6304219E-001
+9.9600000E+002 -7.4157948E-001 +4.5775234E-001 -1.1993318E+000
+1.0020000E+003 -9.6377214E-001 +4.6620787E-001 -1.4299800E+000
+1.0080000E+003 +7.1804047E-001 +4.7466340E-001 +2.4337706E-001
+1.0140000E+003 +6.0218652E-001 +4.8311894E-001 +1.1906758E-001
+1.0200000E+003 +3.8697693E-001 +4.8579414E-001 -9.8817212E-002
+1.0260000E+003 +7.7072398E-001 +4.8095492E-001 +2.8976905E-001
+1.0320000E+003 +1.0517598E+000 +4.7611571E-001 +5.7564414E-001
+1.0380000E+003 +8.2845500E-001 +4.7127649E-001 +3.5717851E-001
+1.0440000E+003 +8.9923606E-001 +4.6643727E-001 +4.3279879E-001
+1.0500000E+003 +8.6260313E-001 +4.6159805E-001 +4.0100508E-001
+1.0560000E+003 +1.2171462E+000 +4.5675883E-001 +7.6038737E-001
+1.0620000E+003 +5.6156071E-001 +4.5191962E-001 +1.0964109E-001
+1.0680000E+003 -7.0533823E-001 +4.4708040E-001 -1.1524186E+000
+1.0740000E+003 +1.2153972E+000 +4.4224118E-001 +7.7315604E-001
+1.0800000E+003 +4.2285916E-001 +4.3740196E-001 -1.4542804E-002
+1.0860000E+003 +1.1162939E+000 +4.3256274E-001 +6.8373112E-001
+1.0920000E+003 -6.0488995E-001 +4.2772353E-001 -1.0326135E+000
+1.0980000E+003 +3.5888539E-001 +4.2976234E-001 -7.0876953E-002
+1.1040000E+003 +2.0737104E-001 +4.4250031E-001 -2.3512927E-001
+1.1100000E+003 -4.5950554E-001 +4.5523828E-001 -9.1474382E-001
+1.1160000E+003 +1.0583601E+000 +4.6797625E-001 +5.9038384E-001
+1.1220000E+003 +5.6124826E-001 +4.8071422E-001 +8.0534036E-002
+1.1280000E+003 +2.4961203E-001 +4.9345219E-001 -2.4384016E-001
+1.1340000E+003 +5.2407227E-001 +5.0619016E-001 +1.7882113E-002
+1.1400000E+003 +1.2854108E+000 +5.1892813E-001 +7.6648264E-001
+1.1460000E+003 +5.3456164E-001 +5.3166610E-001 +2.8955423E-003
+1.1520000E+003 +5.7260108E-001 +5.4440407E-001 +2.8197014E-002
+1.1580000E+003 -1.9926449E-001 +5.5714204E-001 -7.5640653E-001
+1.1640000E+003 +1.5202883E+000 +5.6988001E-001 +9.5040827E-001
+1.1700000E+003 -1.6731483E-001 +5.8261798E-001 -7.4993281E-001
+1.1760000E+003 +1.3394387E+000 +5.8841651E-001 +7.5102216E-001
+1.1820000E+003 -9.5786867E-001 +5.8120360E-001 -1.5390723E+000
+1.1880000E+003 +6.4239835E-001 +5.7399068E-001 +6.8407671E-002
+1.1940000E+003 -3.5809042E-001 +5.6677776E-001 -9.2486818E-001
+1.2000000E+003 +1.2423511E+000 +5.5956484E-001 +6.8278627E-001
+1.2060000E+003 +9.4540670E-001 +5.5235193E-001 +3.9305478E-001
+1.2120000E+003 +8.5273917E-001 +5.4513901E-001 +3.0760016E-001
+1.2180000E+003 +9.6597208E-001 +5.3792609E-001 +4.2804599E-001
+1.2240000E+003 +1.1866718E+000 +5.3071317E-001 +6.5595859E-001
+1.2300000E+003 +6.1633000E-001 +5.2350026E-001 +9.2829741E-002
+1.2360000E+003 +1.5634750E-001 +5.1628734E-001 -3.5993984E-001
+1.2420000E+003 +1.4080183E+000 +5.0907442E-001 +8.9894390E-001
+1.2480000E+003 +1.9725155E+000 +5.0186151E-001 +1.4706540E+000
+1.2540000E+003 -7.4912200E-001 +4.9039379E-001 -1.2395158E+000
+1.2600000E+003 +1.8439989E+000 +4.6920082E-001 +1.3747981E+000
+1.2660000E+003 +1.7526156E+000 +4.4800785E-001 +1.3046078E+000
+1.2720000E+003 +2.7730123E-001 +4.2681487E-001 -1.4951364E-001
+1.2780000E+003 -2.3815419E+000 +4.0562190E-001 -2.7871638E+000
+1.2840000E+003 -2.7236869E+000 +3.8442893E-001 -3.1081159E+000
+1.2900000E+003 -1.1490854E+000 +3.6323596E-001 -1.5123214E+000
+1.2960000E+003 -3.5786816E-001 +3.4204299E-001 -6.9991115E-001
+1.3020000E+003 +9.4965584E-001 +3.2085001E-001 +6.2880582E-001
+1.3080000E+003 +2.1730023E+000 +2.9965704E-001 +1.8733453E+000
+1.3140000E+003 +9.1151677E-001 +2.7846407E-001 +6.3305270E-001
+1.3200000E+003 +1.2643810E+000 +2.5727110E-001 +1.0071099E+000
+1.3260000E+003 +3.0621625E-002 +2.3607813E-001 -2.0545650E-001
+1.3320000E+003 -1.9087933E-001 +2.0986057E-001 -4.0073990E-001
+1.3380000E+003 +3.9862685E-001 +1.6940667E-001 +2.2922018E-001
+1.3440000E+003 -3.0223090E-001 +1.2895277E-001 -4.3118366E-001
+1.3500000E+003 +1.1050710E+000 +8.8498869E-002 +1.0165722E+000
+1.3560000E+003 +4.1896656E-001 +4.8044970E-002 +3.7092159E-001
+1.3620000E+003 +3.7816716E-002 +7.5910706E-003 +3.0225645E-002
+1.3680000E+003 -2.4007304E-001 -3.2862828E-002 -2.0721021E-001
+1.3740000E+003 +2.8356532E-001 -7.3316727E-002 +3.5688205E-001
+1.3800000E+003 -1.9301914E-001 -1.1377063E-001 -7.9248510E-002
+1.3860000E+003 -1.1715776E+000 -1.5422453E-001 -1.0173531E+000
+1.3920000E+003 -5.3842892E-002 -1.9467842E-001 +1.4083553E-001
+1.3980000E+003 -1.3415108E+000 -2.3513232E-001 -1.1063785E+000
+1.4040000E+003 -3.3622217E-001 -2.7558622E-001 -6.0635943E-002
+1.4100000E+003 -2.3954519E-001 -3.1304378E-001 +7.3498597E-002
+1.4160000E+003 -5.2958798E-002 -3.3971453E-001 +2.8675573E-001
+1.4220000E+003 +2.2163157E-002 -3.6638528E-001 +3.8854843E-001
+1.4280000E+003 +4.8456655E-001 -3.9305602E-001 +8.7762258E-001
+1.4340000E+003 -9.6686967E-001 -4.1972677E-001 -5.4714290E-001
+1.4400000E+003 -3.3312158E-001 -4.4639752E-001 +1.1327593E-001
+1.4460000E+003 -1.1500995E-001 -4.7306826E-001 +3.5805831E-001
+1.4520000E+003 -4.1319156E-001 -4.9973901E-001 +8.6547455E-002
+1.4580000E+003 -8.2815229E-001 -5.2640976E-001 -3.0174254E-001
+1.4640000E+003 -7.6020215E-001 -5.5308050E-001 -2.0712165E-001
+1.4700000E+003 -3.0947207E-001 -5.7975125E-001 +2.7027919E-001
+1.4760000E+003 -1.7591269E-001 -6.0642200E-001 +4.3050930E-001
+1.4820000E+003 +3.4070481E-001 -6.3309274E-001 +9.7379756E-001
+1.4880000E+003 +7.4078615E-001 -6.3947947E-001 +1.3802656E+000
+1.4940000E+003 +2.4909250E-002 -5.4951706E-001 +5.7442631E-001
+1.5000000E+003 -1.0061822E+000 -4.5955466E-001 -5.4662750E-001
+1.5060000E+003 -1.0515868E+000 -3.6959226E-001 -6.8199456E-001
+1.5120000E+003 -1.3102558E+000 -2.7962986E-001 -1.0306260E+000
+1.5180000E+003 -7.8100427E-001 -1.8966745E-001 -5.9133682E-001
+1.5240000E+003 -6.2524119E-002 -9.9705052E-002 +3.7180933E-002
+1.5300000E+003 -9.5339861E-001 -9.7426498E-003 -9.4365596E-001
+1.5360000E+003 -1.4521177E+000 +8.0219752E-002 -1.5323375E+000
+1.5420000E+003 -4.5709468E-001 +1.7018215E-001 -6.2727684E-001
+1.5480000E+003 -6.6683245E-002 +2.6014456E-001 -3.2682780E-001
+1.5540000E+003 -5.7919566E-001 +3.5010696E-001 -9.2930262E-001
+1.5600000E+003 -1.9292103E-001 +4.4006936E-001 -6.3299039E-001
+1.5660000E+003 +3.9385606E-001 +5.0874337E-001 -1.1488731E-001
+1.5720000E+003 +1.2828369E+000 +4.3549479E-001 +8.4734213E-001
+1.5780000E+003 +1.4756902E+000 +3.6224620E-001 +1.1134440E+000
+1.5840000E+003 +1.7740340E+000 +2.8899761E-001 +1.4850364E+000
+1.5900000E+003 +1.5794181E+000 +2.1574902E-001 +1.3636691E+000
+1.5960000E+003 +7.9330718E-001 +1.4250043E-001 +6.5080674E-001
+1.6020000E+003 +5.1706517E-001 +6.9251842E-002 +4.4781333E-001
+1.6080000E+003 +3.5194042E-001 -3.9967463E-003 +3.5593716E-001
+1.6140000E+003 -9.0094778E-001 -7.7245335E-002 -8.2370244E-001
+1.6200000E+003 -1.3406212E+000 -1.5049392E-001 -1.1901272E+000
+1.6260000E+003 +7.3374694E-001 -2.2374251E-001 +9.5748945E-001
+1.6320000E+003 +1.8228229E+000 -2.9699110E-001 +2.1198140E+000
+1.6380000E+003 -4.7289439E-001 -3.7023969E-001 -1.0265470E-001
+1.6440000E+003 -1.8530786E+000 -4.3066288E-001 -1.4224157E+000
+1.6500000E+003 -1.1175795E+000 -3.5641938E-001 -7.6116012E-001
+1.6560000E+003 -9.6642409E-001 -2.8217588E-001 -6.8424821E-001
+1.6620000E+003 +3.0018369E-001 -2.0793238E-001 +5.0811608E-001
+1.6680000E+003 +1.7818656E+000 -1.3368888E-001 +1.9155545E+000
+1.6740000E+003 +8.7807340E-001 -5.9445384E-002 +9.3751879E-001
+1.6800000E+003 -3.1190486E-001 +1.4798115E-002 -3.2670297E-001
+1.6860000E+003 -1.7889368E+000 +8.9041615E-002 -1.8779784E+000
+1.6920000E+003 -3.1540360E+000 +1.6328511E-001 -3.3173211E+000
+1.6980000E+003 -1.3083506E+000 +2.3752861E-001 -1.5458793E+000
+1.7040000E+003 +7.4684937E-001 +3.1177211E-001 +4.3507726E-001
+1.7100000E+003 +1.8101865E+000 +3.8601561E-001 +1.4241709E+000
+1.7160000E+003 +1.0801909E+000 +4.6025911E-001 +6.1993175E-001
+1.7220000E+003 -3.4468331E-001 +5.2575465E-001 -8.7043796E-001
+1.7280000E+003 +3.3959416E-002 +3.9879519E-001 -3.6483577E-001
+1.7340000E+003 +1.0144735E+000 +2.7183572E-001 +7.4263781E-001
+1.7400000E+003 +6.9519085E-001 +1.4487626E-001 +5.5031459E-001
+1.7460000E+003 +1.7443903E-001 +1.7916792E-002 +1.5652224E-001
+1.7520000E+003 +6.5056017E-001 -1.0904267E-001 +7.5960285E-001
+1.7580000E+003 +8.2192922E-001 -2.3600214E-001 +1.0579314E+000
+1.7640000E+003 +4.8697203E-001 -3.6296161E-001 +8.4993363E-001
+1.7700000E+003 -4.5581711E-001 -4.8992107E-001 +3.4103957E-002
+1.7760000E+003 -6.0785871E-001 -6.1688054E-001 +9.0218228E-003
+1.7820000E+003 -5.7047222E-001 -7.4384000E-001 +1.7336778E-001
+1.7880000E+003 -1.4448613E+000 -8.7079947E-001 -5.7406183E-001
+1.7940000E+003 -1.8321003E+000 -9.9775893E-001 -8.3434139E-001
+1.8000000E+003 -1.5331223E+000 -1.1247184E+000 -4.0840389E-001
