Normal Matrix 

 14.861  -7.837   0.000   0.000   0.000   0.000   0.000   0.000   0.000   0.000   0.000   0.000   0.000   0.000   0.000   0.000   0.000   0.000   0.000   0.000   0.000   0.000   0.000   0.000 
 -7.837  28.715  -7.834   0.000   0.000   0.000   0.000   0.000   0.000   0.000   0.000   0.000   0.000   0.000   0.000   0.000   0.000   0.000   0.000   0.000   0.000   0.000   0.000   0.000 
  0.000  -7.834  28.709  -7.831   0.000   0.000   0.000   0.000   0.000   0.000   0.000   0.000   0.000   0.000   0.000   0.000   0.000   0.000   0.000   0.000   0.000   0.000   0.000   0.000 
  0.000   0.000  -7.831  24.721 -10.000   0.000   0.000   0.000   0.000   0.000   0.000   0.000   0.000   0.000   0.000   0.000   0.000   0.000   0.000   0.000   0.000   0.000   0.000   0.000 
  0.000   0.000   0.000 -10.000  20.363  -9.113   0.000   0.000   0.000   0.000   0.000   0.000   0.000   0.000   0.000   0.000   0.000   0.000   0.000   0.000   0.000   0.000   0.000   0.000 
  0.000   0.000   0.000   0.000  -9.113  27.928  -7.825   0.000   0.000   0.000   0.000   0.000   0.000   0.000   0.000   0.000   0.000   0.000   0.000   0.000   0.000   0.000   0.000   0.000 
  0.000   0.000   0.000   0.000   0.000  -7.825  28.692  -7.823   0.000   0.000   0.000   0.000   0.000   0.000   0.000   0.000   0.000   0.000   0.000   0.000   0.000   0.000   0.000   0.000 
  0.000   0.000   0.000   0.000   0.000   0.000  -7.823  28.689  -7.822   0.000   0.000   0.000   0.000   0.000   0.000   0.000   0.000   0.000   0.000   0.000   0.000   0.000   0.000   0.000 
  0.000   0.000   0.000   0.000   0.000   0.000   0.000  -7.822  28.686  -7.821   0.000   0.000   0.000   0.000   0.000   0.000   0.000   0.000   0.000   0.000   0.000   0.000   0.000   0.000 
  0.000   0.000   0.000   0.000   0.000   0.000   0.000   0.000  -7.821  28.685  -7.820   0.000   0.000   0.000   0.000   0.000   0.000   0.000   0.000   0.000   0.000   0.000   0.000   0.000 
  0.000   0.000   0.000   0.000   0.000   0.000   0.000   0.000   0.000  -7.820  28.684  -7.820   0.000   0.000   0.000   0.000   0.000   0.000   0.000   0.000   0.000   0.000   0.000   0.000 
  0.000   0.000   0.000   0.000   0.000   0.000   0.000   0.000   0.000   0.000  -7.820  28.683  -7.820   0.000   0.000   0.000   0.000   0.000   0.000   0.000   0.000   0.000   0.000   0.000 
  0.000   0.000   0.000   0.000   0.000   0.000   0.000   0.000   0.000   0.000   0.000  -7.820  28.683  -7.820   0.000   0.000   0.000   0.000   0.000   0.000   0.000   0.000   0.000   0.000 
  0.000   0.000   0.000   0.000   0.000   0.000   0.000   0.000   0.000   0.000   0.000   0.000  -7.820  28.684  -7.820   0.000   0.000   0.000   0.000   0.000   0.000   0.000   0.000   0.000 
  0.000   0.000   0.000   0.000   0.000   0.000   0.000   0.000   0.000   0.000   0.000   0.000   0.000  -7.820  28.685  -7.821   0.000   0.000   0.000   0.000   0.000   0.000   0.000   0.000 
  0.000   0.000   0.000   0.000   0.000   0.000   0.000   0.000   0.000   0.000   0.000   0.000   0.000   0.000  -7.821  28.686  -7.822   0.000   0.000   0.000   0.000   0.000   0.000   0.000 
  0.000   0.000   0.000   0.000   0.000   0.000   0.000   0.000   0.000   0.000   0.000   0.000   0.000   0.000   0.000  -7.822  28.624  -8.158   0.000   0.000   0.000   0.000   0.000   0.000 
  0.000   0.000   0.000   0.000   0.000   0.000   0.000   0.000   0.000   0.000   0.000   0.000   0.000   0.000   0.000   0.000  -8.158  21.842 -10.000   0.000   0.000   0.000   0.000   0.000 
  0.000   0.000   0.000   0.000   0.000   0.000   0.000   0.000   0.000   0.000   0.000   0.000   0.000   0.000   0.000   0.000   0.000 -10.000  20.000 -10.000   0.000   0.000   0.000   0.000 
  0.000   0.000   0.000   0.000   0.000   0.000   0.000   0.000   0.000   0.000   0.000   0.000   0.000   0.000   0.000   0.000   0.000   0.000 -10.000  20.000 -10.000   0.000   0.000   0.000 
  0.000   0.000   0.000   0.000   0.000   0.000   0.000   0.000   0.000   0.000   0.000   0.000   0.000   0.000   0.000   0.000   0.000   0.000   0.000 -10.000  20.166  -9.426   0.000   0.000 
  0.000   0.000   0.000   0.000   0.000   0.000   0.000   0.000   0.000   0.000   0.000   0.000   0.000   0.000   0.000   0.000   0.000   0.000   0.000   0.000  -9.426  27.454  -7.834   0.000 
  0.000   0.000   0.000   0.000   0.000   0.000   0.000   0.000   0.000   0.000   0.000   0.000   0.000   0.000   0.000   0.000   0.000   0.000   0.000   0.000   0.000  -7.834  28.715  -7.837 
  0.000   0.000   0.000   0.000   0.000   0.000   0.000   0.000   0.000   0.000   0.000   0.000   0.000   0.000   0.000   0.000   0.000   0.000   0.000   0.000   0.000   0.000  -7.837  14.861 


Normal Matrix (as stored) 

+1.486E+001 -7.837E+000 
+2.871E+001 -7.834E+000 
+2.871E+001 -7.831E+000 
+2.472E+001 -1.000E+001 
+2.036E+001 -9.113E+000 
+2.793E+001 -7.825E+000 
+2.869E+001 -7.823E+000 
+2.869E+001 -7.822E+000 
+2.869E+001 -7.821E+000 
+2.868E+001 -7.820E+000 
+2.868E+001 -7.820E+000 
+2.868E+001 -7.820E+000 
+2.868E+001 -7.820E+000 
+2.868E+001 -7.820E+000 
+2.868E+001 -7.821E+000 
+2.869E+001 -7.822E+000 
+2.862E+001 -8.158E+000 
+2.184E+001 -1.000E+001 
+2.000E+001 -1.000E+001 
+2.000E+001 -1.000E+001 
+2.017E+001 -9.426E+000 
+2.745E+001 -7.834E+000 
+2.871E+001 -7.837E+000 
+1.486E+001 +0.000E+000 


Diagonal of Inverse Normal Matrix 

  0.080 
  0.045 
  0.044 
  0.060 
  0.079 
  0.049 
  0.042 
  0.042 
  0.042 
  0.042 
  0.042 
  0.042 
  0.042 
  0.042 
  0.042 
  0.042 
  0.046 
  0.087 
  0.130 
  0.138 
  0.110 
  0.056 
  0.046 
  0.080 


Normal Vector 

  1.3553 
 -7.6094 
 -6.2964 
 -7.2262 
 -0.2561 
 -1.8784 
  3.1308 
 -3.2407 
  2.4567 
  2.7508 
  2.4934 
 -0.7346 
  3.7770 
  5.9858 
  6.0401 
  7.1407 
  5.7220 
  0.0521 
  0.0000 
  0.0000 
 -0.0041 
 -3.0002 
  1.2507 
 -4.3177 


Parameter Vector 

 -0.1420 
 -0.4422 
 -0.5074 
 -0.6137 
 -0.3972 
 -0.1860 
  0.0388 
 -0.0718 
  0.1123 
  0.1695 
  0.1577 
  0.0900 
  0.2664 
  0.4043 
  0.4509 
  0.4773 
  0.3868 
  0.1981 
  0.1119 
  0.0258 
 -0.0604 
 -0.1561 
 -0.0915 
 -0.3388 


Estimated Observation 

 -0.1420 
 -0.1650 
 -0.1880 
 -0.2110 
 -0.2341 
 -0.2571 
 -0.2801 
 -0.3031 
 -0.3261 
 -0.3491 
 -0.3721 
 -0.3952 
 -0.4182 
 -0.4412 
 -0.4470 
 -0.4520 
 -0.4570 
 -0.4620 
 -0.4670 
 -0.4720 
 -0.4770 
 -0.4820 
 -0.4870 
 -0.4920 
 -0.4970 
 -0.5020 
 -0.5070 
 -0.5148 
 -0.5230 
 -0.5311 
 -0.5393 
 -0.5474 
 -0.5556 
 -0.5637 
 -0.5719 
 -0.5800 
 -0.5882 
 -0.5963 
 -0.6045 
 -0.6126 
 -0.2705 
 -0.2543 
 -0.2381 
 -0.2219 
 -0.2057 
 -0.1895 
 -0.1725 
 -0.1553 
 -0.1380 
 -0.1208 
 -0.1036 
 -0.0863 
 -0.0691 
 -0.0518 
 -0.0346 
 -0.0174 
 -0.0001 
  0.0171 
  0.0343 
  0.0326 
  0.0241 
  0.0156 
  0.0071 
 -0.0013 
 -0.0098 
 -0.0183 
 -0.0268 
 -0.0353 
 -0.0437 
 -0.0522 
 -0.0607 
 -0.0692 
 -0.0619 
 -0.0478 
 -0.0337 
 -0.0196 
 -0.0055 
  0.0086 
  0.0227 
  0.0368 
  0.0509 
  0.0650 
  0.0792 
  0.0933 
  0.1074 
  0.1151 
  0.1195 
  0.1239 
  0.1283 
  0.1327 
  0.1371 
  0.1415 
  0.1459 
  0.1502 
  0.1546 
  0.1590 
  0.1634 
  0.1678 
  0.1689 
  0.1680 
  0.1671 
  0.1662 
  0.1653 
  0.1644 
  0.1635 
  0.1626 
  0.1617 
  0.1608 
  0.1599 
  0.1590 
  0.1581 
  0.1548 
  0.1496 
  0.1444 
  0.1392 
  0.1340 
  0.1288 
  0.1236 
  0.1184 
  0.1132 
  0.1081 
  0.1029 
  0.0977 
  0.0925 
  0.0971 
  0.1106 
  0.1241 
  0.1377 
  0.1512 
  0.1647 
  0.1782 
  0.1918 
  0.2053 
  0.2188 
  0.2323 
  0.2459 
  0.2594 
  0.2715 
  0.2821 
  0.2926 
  0.3032 
  0.3138 
  0.3243 
  0.3349 
  0.3455 
  0.3560 
  0.3666 
  0.3772 
  0.3877 
  0.3983 
  0.4058 
  0.4094 
  0.4130 
  0.4166 
  0.4201 
  0.4237 
  0.4273 
  0.4309 
  0.4344 
  0.4380 
  0.4416 
  0.4452 
  0.4488 
  0.4517 
  0.4538 
  0.4558 
  0.4578 
  0.4598 
  0.4618 
  0.4639 
  0.4659 
  0.4679 
  0.4699 
  0.4720 
  0.4740 
  0.4760 
  0.4749 
  0.4680 
  0.4610 
  0.4541 
  0.4472 
  0.4402 
  0.4333 
  0.4263 
  0.4194 
  0.4125 
  0.4055 
  0.3986 
  0.3916 
  0.3824 
  0.3679 
  0.3535 
  0.3390 
  0.3245 
  0.3101 
  0.2956 
  0.2812 
  0.2667 
  0.2522 
 -0.1274 
 -0.1348 
 -0.1421 
 -0.1494 
 -0.1557 
 -0.1508 
 -0.1458 
 -0.1408 
 -0.1359 
 -0.1309 
 -0.1260 
 -0.1210 
 -0.1161 
 -0.1111 
 -0.1062 
 -0.1012 
 -0.0963 
 -0.0923 
 -0.1113 
 -0.1303 
 -0.1492 
 -0.1682 
 -0.1871 
 -0.2061 
 -0.2251 
 -0.2440 
 -0.2630 
 -0.2819 
 -0.3009 
 -0.3199 
 -0.3388 


Grid Values Vector 

 -0.1420 
 -0.4422 
 -0.5074 
 -0.6137 
 -0.3972 
 -0.1860 
  0.0388 
 -0.0718 
  0.1123 
  0.1695 
  0.1577 
  0.0900 
  0.2664 
  0.4043 
  0.4509 
  0.4773 
  0.3868 
  0.1981 
  0.1119 
  0.0258 
 -0.0604 
 -0.1561 
 -0.0915 
 -0.3388 


Diagonal of Parameters Covariance Matrix 

  0.081 
  0.046 
  0.044 
  0.062 
  0.081 
  0.050 
  0.043 
  0.042 
  0.042 
  0.042 
  0.042 
  0.042 
  0.042 
  0.042 
  0.042 
  0.043 
  0.047 
  0.088 
  0.133 
  0.141 
  0.113 
  0.057 
  0.047 
  0.082 


Sigma Zero : 1.019762 
