Normal Matrix 

1004.861 -997.837   0.000   0.000   0.000   0.000   0.000   0.000   0.000   0.000   0.000   0.000   0.000   0.000   0.000   0.000   0.000   0.000   0.000   0.000   0.000   0.000   0.000   0.000 
-997.837 2008.715 -997.834   0.000   0.000   0.000   0.000   0.000   0.000   0.000   0.000   0.000   0.000   0.000   0.000   0.000   0.000   0.000   0.000   0.000   0.000   0.000   0.000   0.000 
  0.000 -997.834 2008.709 -997.831   0.000   0.000   0.000   0.000   0.000   0.000   0.000   0.000   0.000   0.000   0.000   0.000   0.000   0.000   0.000   0.000   0.000   0.000   0.000   0.000 
  0.000   0.000 -997.831 2008.704 -997.829   0.000   0.000   0.000   0.000   0.000   0.000   0.000   0.000   0.000   0.000   0.000   0.000   0.000   0.000   0.000   0.000   0.000   0.000   0.000 
  0.000   0.000   0.000 -997.829 2008.699 -997.827   0.000   0.000   0.000   0.000   0.000   0.000   0.000   0.000   0.000   0.000   0.000   0.000   0.000   0.000   0.000   0.000   0.000   0.000 
  0.000   0.000   0.000   0.000 -997.827 2008.695 -997.825   0.000   0.000   0.000   0.000   0.000   0.000   0.000   0.000   0.000   0.000   0.000   0.000   0.000   0.000   0.000   0.000   0.000 
  0.000   0.000   0.000   0.000   0.000 -997.825 2008.692 -997.823   0.000   0.000   0.000   0.000   0.000   0.000   0.000   0.000   0.000   0.000   0.000   0.000   0.000   0.000   0.000   0.000 
  0.000   0.000   0.000   0.000   0.000   0.000 -997.823 2008.689 -997.822   0.000   0.000   0.000   0.000   0.000   0.000   0.000   0.000   0.000   0.000   0.000   0.000   0.000   0.000   0.000 
  0.000   0.000   0.000   0.000   0.000   0.000   0.000 -997.822 2008.686 -997.821   0.000   0.000   0.000   0.000   0.000   0.000   0.000   0.000   0.000   0.000   0.000   0.000   0.000   0.000 
  0.000   0.000   0.000   0.000   0.000   0.000   0.000   0.000 -997.821 2008.685 -997.820   0.000   0.000   0.000   0.000   0.000   0.000   0.000   0.000   0.000   0.000   0.000   0.000   0.000 
  0.000   0.000   0.000   0.000   0.000   0.000   0.000   0.000   0.000 -997.820 2008.684 -997.820   0.000   0.000   0.000   0.000   0.000   0.000   0.000   0.000   0.000   0.000   0.000   0.000 
  0.000   0.000   0.000   0.000   0.000   0.000   0.000   0.000   0.000   0.000 -997.820 2008.683 -997.820   0.000   0.000   0.000   0.000   0.000   0.000   0.000   0.000   0.000   0.000   0.000 
  0.000   0.000   0.000   0.000   0.000   0.000   0.000   0.000   0.000   0.000   0.000 -997.820 2008.683 -997.820   0.000   0.000   0.000   0.000   0.000   0.000   0.000   0.000   0.000   0.000 
  0.000   0.000   0.000   0.000   0.000   0.000   0.000   0.000   0.000   0.000   0.000   0.000 -997.820 2008.684 -997.820   0.000   0.000   0.000   0.000   0.000   0.000   0.000   0.000   0.000 
  0.000   0.000   0.000   0.000   0.000   0.000   0.000   0.000   0.000   0.000   0.000   0.000   0.000 -997.820 2008.685 -997.821   0.000   0.000   0.000   0.000   0.000   0.000   0.000   0.000 
  0.000   0.000   0.000   0.000   0.000   0.000   0.000   0.000   0.000   0.000   0.000   0.000   0.000   0.000 -997.821 2008.686 -997.822   0.000   0.000   0.000   0.000   0.000   0.000   0.000 
  0.000   0.000   0.000   0.000   0.000   0.000   0.000   0.000   0.000   0.000   0.000   0.000   0.000   0.000   0.000 -997.822 2008.689 -997.823   0.000   0.000   0.000   0.000   0.000   0.000 
  0.000   0.000   0.000   0.000   0.000   0.000   0.000   0.000   0.000   0.000   0.000   0.000   0.000   0.000   0.000   0.000 -997.823 2008.692 -997.825   0.000   0.000   0.000   0.000   0.000 
  0.000   0.000   0.000   0.000   0.000   0.000   0.000   0.000   0.000   0.000   0.000   0.000   0.000   0.000   0.000   0.000   0.000 -997.825 2008.695 -997.827   0.000   0.000   0.000   0.000 
  0.000   0.000   0.000   0.000   0.000   0.000   0.000   0.000   0.000   0.000   0.000   0.000   0.000   0.000   0.000   0.000   0.000   0.000 -997.827 2008.699 -997.829   0.000   0.000   0.000 
  0.000   0.000   0.000   0.000   0.000   0.000   0.000   0.000   0.000   0.000   0.000   0.000   0.000   0.000   0.000   0.000   0.000   0.000   0.000 -997.829 2008.704 -997.831   0.000   0.000 
  0.000   0.000   0.000   0.000   0.000   0.000   0.000   0.000   0.000   0.000   0.000   0.000   0.000   0.000   0.000   0.000   0.000   0.000   0.000   0.000 -997.831 2008.709 -997.834   0.000 
  0.000   0.000   0.000   0.000   0.000   0.000   0.000   0.000   0.000   0.000   0.000   0.000   0.000   0.000   0.000   0.000   0.000   0.000   0.000   0.000   0.000 -997.834 2008.715 -997.837 
  0.000   0.000   0.000   0.000   0.000   0.000   0.000   0.000   0.000   0.000   0.000   0.000   0.000   0.000   0.000   0.000   0.000   0.000   0.000   0.000   0.000   0.000 -997.837 1004.861 


Normal Matrix (as stored) 

+1.005E+003 -9.978E+002 
+2.009E+003 -9.978E+002 
+2.009E+003 -9.978E+002 
+2.009E+003 -9.978E+002 
+2.009E+003 -9.978E+002 
+2.009E+003 -9.978E+002 
+2.009E+003 -9.978E+002 
+2.009E+003 -9.978E+002 
+2.009E+003 -9.978E+002 
+2.009E+003 -9.978E+002 
+2.009E+003 -9.978E+002 
+2.009E+003 -9.978E+002 
+2.009E+003 -9.978E+002 
+2.009E+003 -9.978E+002 
+2.009E+003 -9.978E+002 
+2.009E+003 -9.978E+002 
+2.009E+003 -9.978E+002 
+2.009E+003 -9.978E+002 
+2.009E+003 -9.978E+002 
+2.009E+003 -9.978E+002 
+2.009E+003 -9.978E+002 
+2.009E+003 -9.978E+002 
+2.009E+003 -9.978E+002 
+1.005E+003 +0.000E+000 


Diagonal of Inverse Normal Matrix 

  0.009 
  0.008 
  0.007 
  0.007 
  0.006 
  0.006 
  0.006 
  0.005 
  0.005 
  0.005 
  0.005 
  0.005 
  0.005 
  0.005 
  0.005 
  0.005 
  0.005 
  0.006 
  0.006 
  0.006 
  0.007 
  0.007 
  0.008 
  0.009 


Normal Vector 

  1.3553 
 -7.6094 
 -6.2964 
 -7.2014 
 -4.7755 
 -2.3697 
  3.1308 
 -3.2407 
  2.4567 
  2.7508 
  2.4934 
 -0.7346 
  3.7770 
  5.9858 
  6.0401 
  7.1407 
  6.0837 
  2.3289 
 -3.6158 
 -5.2415 
  2.1410 
 -1.5323 
  1.2507 
 -4.3177 


Parameter Vector 

 -0.1063 
 -0.1084 
 -0.1043 
 -0.0953 
 -0.0802 
 -0.0615 
 -0.0411 
 -0.0245 
 -0.0049 
  0.0122 
  0.0266 
  0.0389 
  0.0525 
  0.0629 
  0.0682 
  0.0683 
  0.0622 
  0.0507 
  0.0376 
  0.0286 
  0.0253 
  0.0201 
  0.0167 
  0.0123 


Estimated Observation 

 -0.1063 
 -0.1065 
 -0.1066 
 -0.1068 
 -0.1069 
 -0.1071 
 -0.1073 
 -0.1074 
 -0.1076 
 -0.1077 
 -0.1079 
 -0.1081 
 -0.1082 
 -0.1084 
 -0.1081 
 -0.1078 
 -0.1075 
 -0.1072 
 -0.1068 
 -0.1065 
 -0.1062 
 -0.1059 
 -0.1056 
 -0.1053 
 -0.1050 
 -0.1046 
 -0.1043 
 -0.1037 
 -0.1030 
 -0.1023 
 -0.1016 
 -0.1009 
 -0.1002 
 -0.0995 
 -0.0988 
 -0.0981 
 -0.0974 
 -0.0967 
 -0.0960 
 -0.0953 
 -0.0942 
 -0.0931 
 -0.0919 
 -0.0908 
 -0.0896 
 -0.0885 
 -0.0873 
 -0.0862 
 -0.0850 
 -0.0839 
 -0.0827 
 -0.0816 
 -0.0804 
 -0.0790 
 -0.0776 
 -0.0762 
 -0.0747 
 -0.0733 
 -0.0719 
 -0.0704 
 -0.0690 
 -0.0675 
 -0.0661 
 -0.0647 
 -0.0632 
 -0.0618 
 -0.0603 
 -0.0587 
 -0.0571 
 -0.0556 
 -0.0540 
 -0.0525 
 -0.0509 
 -0.0493 
 -0.0478 
 -0.0462 
 -0.0447 
 -0.0431 
 -0.0415 
 -0.0402 
 -0.0389 
 -0.0376 
 -0.0364 
 -0.0351 
 -0.0338 
 -0.0325 
 -0.0313 
 -0.0300 
 -0.0287 
 -0.0274 
 -0.0262 
 -0.0249 
 -0.0234 
 -0.0219 
 -0.0204 
 -0.0189 
 -0.0174 
 -0.0159 
 -0.0144 
 -0.0129 
 -0.0114 
 -0.0099 
 -0.0084 
 -0.0069 
 -0.0054 
 -0.0041 
 -0.0027 
 -0.0014 
 -0.0001 
  0.0012 
  0.0025 
  0.0038 
  0.0051 
  0.0064 
  0.0077 
  0.0090 
  0.0103 
  0.0116 
  0.0128 
  0.0139 
  0.0150 
  0.0162 
  0.0173 
  0.0184 
  0.0195 
  0.0206 
  0.0217 
  0.0228 
  0.0239 
  0.0250 
  0.0261 
  0.0271 
  0.0281 
  0.0290 
  0.0300 
  0.0309 
  0.0319 
  0.0328 
  0.0337 
  0.0347 
  0.0356 
  0.0366 
  0.0375 
  0.0385 
  0.0395 
  0.0405 
  0.0415 
  0.0426 
  0.0436 
  0.0447 
  0.0457 
  0.0467 
  0.0478 
  0.0488 
  0.0498 
  0.0509 
  0.0519 
  0.0529 
  0.0537 
  0.0545 
  0.0553 
  0.0561 
  0.0569 
  0.0577 
  0.0585 
  0.0593 
  0.0601 
  0.0609 
  0.0617 
  0.0625 
  0.0631 
  0.0635 
  0.0639 
  0.0643 
  0.0647 
  0.0651 
  0.0655 
  0.0659 
  0.0663 
  0.0667 
  0.0671 
  0.0675 
  0.0679 
  0.0682 
  0.0682 
  0.0682 
  0.0682 
  0.0682 
  0.0682 
  0.0683 
  0.0683 
  0.0683 
  0.0683 
  0.0683 
  0.0683 
  0.0683 
  0.0681 
  0.0677 
  0.0672 
  0.0667 
  0.0663 
  0.0658 
  0.0653 
  0.0648 
  0.0644 
  0.0639 
  0.0634 
  0.0630 
  0.0625 
  0.0619 
  0.0610 
  0.0601 
  0.0593 
  0.0584 
  0.0575 
  0.0566 
  0.0558 
  0.0549 
  0.0540 
  0.0531 
  0.0523 
  0.0514 
  0.0505 
  0.0495 
  0.0485 
  0.0475 
  0.0464 
  0.0454 
  0.0444 
  0.0434 
  0.0424 
  0.0414 
  0.0404 
  0.0394 
  0.0384 
  0.0375 
  0.0368 
  0.0361 
  0.0354 
  0.0347 
  0.0340 
  0.0333 
  0.0326 
  0.0320 
  0.0313 
  0.0306 
  0.0299 
  0.0292 
  0.0286 
  0.0283 
  0.0281 
  0.0278 
  0.0276 
  0.0273 
  0.0270 
  0.0268 
  0.0265 
  0.0263 
  0.0260 
  0.0258 
  0.0255 
  0.0252 
  0.0248 
  0.0244 
  0.0240 
  0.0236 
  0.0232 
  0.0228 
  0.0224 
  0.0220 
  0.0216 
  0.0213 
  0.0209 
  0.0205 
  0.0201 
  0.0198 
  0.0196 
  0.0193 
  0.0190 
  0.0188 
  0.0185 
  0.0183 
  0.0180 
  0.0177 
  0.0175 
  0.0172 
  0.0170 
  0.0167 
  0.0164 
  0.0160 
  0.0157 
  0.0153 
  0.0150 
  0.0147 
  0.0143 
  0.0140 
  0.0137 
  0.0133 
  0.0130 
  0.0126 
  0.0123 


Grid Values Vector 

 -0.1063 
 -0.1084 
 -0.1043 
 -0.0953 
 -0.0802 
 -0.0615 
 -0.0411 
 -0.0245 
 -0.0049 
  0.0122 
  0.0266 
  0.0389 
  0.0525 
  0.0629 
  0.0682 
  0.0683 
  0.0622 
  0.0507 
  0.0376 
  0.0286 
  0.0253 
  0.0201 
  0.0167 
  0.0123 


Diagonal of Parameters Covariance Matrix 

  0.009 
  0.008 
  0.007 
  0.007 
  0.006 
  0.006 
  0.006 
  0.005 
  0.005 
  0.005 
  0.005 
  0.005 
  0.005 
  0.005 
  0.005 
  0.005 
  0.005 
  0.006 
  0.006 
  0.006 
  0.007 
  0.007 
  0.008 
  0.009 


Sigma Zero : 0.992502 
