+0.0000000E+000 -3.0622359E-001 -4.8756887E-001 +1.8134528E-001
+6.0000000E+000 -1.5301466E-001 -4.8304358E-001 +3.3002891E-001
+1.2000000E+001 +9.8455748E-001 -4.7851828E-001 +1.4630758E+000
+1.8000000E+001 +5.0621364E-001 -4.7399298E-001 +9.8020662E-001
+2.4000000E+001 +1.2118512E+000 -4.6946768E-001 +1.6813189E+000
+3.0000000E+001 +7.0154583E-001 -4.6494238E-001 +1.1664882E+000
+3.6000000E+001 +1.0755506E+000 -4.6041708E-001 +1.5359676E+000
+4.2000000E+001 +4.3429385E-001 -4.5589179E-001 +8.9018563E-001
+4.8000000E+001 -1.5216250E+000 -4.5136649E-001 -1.0702585E+000
+5.4000000E+001 -1.3914418E+000 -4.4684119E-001 -9.4460058E-001
+6.0000000E+001 -7.4235760E-002 -4.4231589E-001 +3.6808013E-001
+6.6000000E+001 -1.4689390E+000 -4.3779059E-001 -1.0311484E+000
+7.2000000E+001 -2.5743479E+000 -4.3326529E-001 -2.1410826E+000
+7.8000000E+001 -6.8913577E-001 -4.2874000E-001 -2.6039577E-001
+8.4000000E+001 -2.1186723E-001 -4.2421470E-001 +2.1234746E-001
+9.0000000E+001 -1.0410134E+000 -4.1968940E-001 -6.2132400E-001
+9.6000000E+001 -3.7496825E-001 -4.1516410E-001 +4.0195846E-002
+1.0200000E+002 -1.1206593E-001 -4.1063880E-001 +2.9857288E-001
+1.0800000E+002 -9.5059852E-001 -4.0611350E-001 -5.4448502E-001
+1.1400000E+002 -2.8883450E-001 -4.0158821E-001 +1.1275370E-001
+1.2000000E+002 -1.3250373E+000 -3.9706291E-001 -9.2797438E-001
+1.2600000E+002 +1.4425160E+000 -3.9253761E-001 +1.8350536E+000
+1.3200000E+002 -1.2844839E+000 -3.8801231E-001 -8.9647158E-001
+1.3800000E+002 -1.3043967E+000 -3.8348701E-001 -9.2090974E-001
+1.4400000E+002 -1.1156504E+000 -3.7896171E-001 -7.3668871E-001
+1.5000000E+002 +1.7832421E+000 -3.7443642E-001 +2.1576786E+000
+1.5600000E+002 +4.9366689E-001 -3.6991112E-001 +8.6357800E-001
+1.6200000E+002 -3.3831063E+000 -3.6538582E-001 -3.0177205E+000
+1.6800000E+002 +2.5406248E-001 -3.6086052E-001 +6.1492300E-001
+1.7400000E+002 +6.1713022E-003 -3.5633522E-001 +3.6250652E-001
+1.8000000E+002 +1.2740651E+000 -3.5180992E-001 +1.6258751E+000
+1.8600000E+002 +9.5842700E-001 -3.4728463E-001 +1.3057116E+000
+1.9200000E+002 -3.7402296E+000 -3.4275933E-001 -3.3974703E+000
+1.9800000E+002 -9.2156603E-001 -3.3823403E-001 -5.8333200E-001
+2.0400000E+002 +1.6145776E+000 -3.3370873E-001 +1.9482863E+000
+2.1000000E+002 -1.1318193E+000 -3.2918343E-001 -8.0263588E-001
+2.1600000E+002 -3.4609574E+000 -3.2465813E-001 -3.1362992E+000
+2.2200000E+002 -2.2732154E+000 -3.2013284E-001 -1.9530825E+000
+2.2800000E+002 -1.8691461E+000 -3.1560754E-001 -1.5535386E+000
+2.3400000E+002 +4.5052966E-001 -3.1108224E-001 +7.6161190E-001
+2.4000000E+002 +1.2849308E+000 -3.0655694E-001 +1.5914878E+000
+2.4600000E+002 +3.3025516E-002 -3.0203164E-001 +3.3505716E-001
+2.5200000E+002 -8.0635783E-001 -2.9750634E-001 -5.0885148E-001
+2.5800000E+002 +3.6548219E-001 -2.9298105E-001 +6.5846323E-001
+2.6400000E+002 -1.0528661E+000 -2.8845575E-001 -7.6441038E-001
+2.7000000E+002 -1.6291232E-001 -2.8393045E-001 +1.2101813E-001
+2.7600000E+002 +4.3375244E-001 -2.7940515E-001 +7.1315759E-001
+2.8200000E+002 +4.3547250E-001 -2.7487985E-001 +7.1035235E-001
+2.8800000E+002 +1.4054554E-001 -2.7035455E-001 +4.1090009E-001
+2.9400000E+002 -1.0527591E+000 -2.6582926E-001 -7.8692987E-001
+3.0000000E+002 -1.1461819E+000 -2.6130396E-001 -8.8487797E-001
+3.0600000E+002 -5.4145436E-001 -2.5677866E-001 -2.8467570E-001
+3.1200000E+002 -6.4028038E-001 -2.5225336E-001 -3.8802702E-001
+3.1800000E+002 -4.4318126E-002 -2.4772806E-001 +2.0340994E-001
+3.2400000E+002 -7.5516217E-001 -2.4320276E-001 -5.1195941E-001
+3.3000000E+002 -8.7432644E-001 -2.3867747E-001 -6.3564897E-001
+3.3600000E+002 -3.2280190E-003 -2.3415217E-001 +2.3092415E-001
+3.4200000E+002 -3.4317208E-001 -2.2962687E-001 -1.1354521E-001
+3.4800000E+002 -8.9533796E-001 -2.2510157E-001 -6.7023639E-001
+3.5400000E+002 +6.3923332E-001 -2.2057627E-001 +8.5980959E-001
+3.6000000E+002 -4.4034993E-001 -2.1605097E-001 -2.2429896E-001
+3.6600000E+002 -3.3482073E-001 -2.1152568E-001 -1.2329506E-001
+3.7200000E+002 -2.4474578E-001 -2.0700038E-001 -3.7745407E-002
+3.7800000E+002 +6.2948033E-001 -2.0247508E-001 +8.3195541E-001
+3.8400000E+002 -1.1236094E-001 -1.9794978E-001 +8.5588843E-002
+3.9000000E+002 -4.7031005E-001 -1.9342448E-001 -2.7688557E-001
+3.9600000E+002 -1.0442294E+000 -1.8889918E-001 -8.5533019E-001
+4.0200000E+002 -1.1338050E+000 -1.8437389E-001 -9.4943111E-001
+4.0800000E+002 +5.6144943E-001 -1.7984859E-001 +7.4129802E-001
+4.1400000E+002 +3.4218705E-001 -1.7532329E-001 +5.1751034E-001
+4.2000000E+002 -1.9077973E-001 -1.7079799E-001 -1.9981741E-002
+4.2600000E+002 -3.3648843E-001 -1.6627269E-001 -1.7021574E-001
+4.3200000E+002 -9.3837371E-002 -1.6174739E-001 +6.7910022E-002
+4.3800000E+002 +1.3840193E-001 -1.5722210E-001 +2.9562402E-001
+4.4400000E+002 +2.6157103E-001 -1.5269680E-001 +4.1426782E-001
+4.5000000E+002 +1.7710955E-001 -1.4817150E-001 +3.2528105E-001
+4.5600000E+002 +1.5865392E+000 -1.4130366E-001 +1.7278428E+000
+4.6200000E+002 -8.5534053E-003 -1.3443581E-001 +1.2588241E-001
+4.6800000E+002 +3.9346604E-001 -1.2756797E-001 +5.2103401E-001
+4.7400000E+002 -2.0573903E-001 -1.2070013E-001 -8.5038902E-002
+4.8000000E+002 +9.5505657E-002 -1.1383228E-001 +2.0933794E-001
+4.8600000E+002 +1.0988666E+000 -1.0696444E-001 +1.2058311E+000
+4.9200000E+002 +1.2059841E+000 -1.0009660E-001 +1.3060807E+000
+4.9800000E+002 +2.1845382E-001 -9.3228757E-002 +3.1168257E-001
+5.0400000E+002 +3.3780945E-001 -8.6360914E-002 +4.2417036E-001
+5.1000000E+002 +5.6550536E-001 -7.9493071E-002 +6.4499843E-001
+5.1600000E+002 +1.0029006E+000 -7.2625228E-002 +1.0755258E+000
+5.2200000E+002 -2.1487562E+000 -6.5757386E-002 -2.0829989E+000
+5.2800000E+002 -1.7883410E+000 -5.8889543E-002 -1.7294514E+000
+5.3400000E+002 -8.1486620E-001 -5.2021700E-002 -7.6284450E-001
+5.4000000E+002 -1.2749258E-001 -4.5153857E-002 -8.2338718E-002
+5.4600000E+002 +3.7446199E-001 -3.8286015E-002 +4.1274801E-001
+5.5200000E+002 -1.4084854E+000 -3.1418172E-002 -1.3770673E+000
+5.5800000E+002 +7.2401128E-001 -2.4550329E-002 +7.4856161E-001
+5.6400000E+002 -2.9278766E+000 -1.7682487E-002 -2.9101941E+000
+5.7000000E+002 -6.6415485E-001 -1.0814644E-002 -6.5334021E-001
+5.7600000E+002 +8.1499365E-001 -3.9468011E-003 +8.1894045E-001
+5.8200000E+002 -2.9078935E-001 +2.9210416E-003 -2.9371040E-001
+5.8800000E+002 +1.7179662E+000 +9.7888843E-003 +1.7081774E+000
+5.9400000E+002 +1.1405645E+000 +1.6656727E-002 +1.1239078E+000
+6.0000000E+002 -1.2384917E-001 +2.3524570E-002 -1.4737374E-001
+6.0600000E+002 +3.2372123E-001 +3.0392412E-002 +2.9332882E-001
+6.1200000E+002 +1.2821330E+000 +3.7260255E-002 +1.2448727E+000
+6.1800000E+002 -1.4498830E+000 +4.4128098E-002 -1.4940111E+000
+6.2400000E+002 -7.7370826E-001 +5.0995941E-002 -8.2470420E-001
+6.3000000E+002 +1.1091777E+000 +5.7863783E-002 +1.0513140E+000
+6.3600000E+002 +1.7972141E+000 +6.4731626E-002 +1.7324825E+000
+6.4200000E+002 -1.1224846E-002 +7.1599469E-002 -8.2824315E-002
+6.4800000E+002 +1.8218822E-001 +7.8467312E-002 +1.0372091E-001
+6.5400000E+002 -1.2424821E-001 +8.5335154E-002 -2.0958337E-001
+6.6000000E+002 +7.6775401E-001 +9.2202997E-002 +6.7555102E-001
+6.6600000E+002 -2.4350860E-001 +9.9070840E-002 -3.4257944E-001
+6.7200000E+002 -5.5971266E-001 +1.0593868E-001 -6.6565134E-001
+6.7800000E+002 -1.3824896E+000 +1.1280653E-001 -1.4952961E+000
+6.8400000E+002 -4.1340774E-001 +1.1967437E-001 -5.3308210E-001
+6.9000000E+002 +4.4604465E-001 +1.2654221E-001 +3.1950244E-001
+6.9600000E+002 +7.9447581E-001 +1.3341005E-001 +6.6106576E-001
+7.0200000E+002 +3.3060572E-001 +1.4027790E-001 +1.9032783E-001
+7.0800000E+002 -1.4671987E-001 +1.4714574E-001 -2.9386561E-001
+7.1400000E+002 -1.3851674E-001 +1.5401358E-001 -2.9253032E-001
+7.2000000E+002 +3.5434905E-001 +1.6088142E-001 +1.9346763E-001
+7.2600000E+002 +2.3117072E-001 +1.6774927E-001 +6.3421457E-002
+7.3200000E+002 -8.5913249E-003 +1.7461711E-001 -1.8320843E-001
+7.3800000E+002 +1.0346966E+000 +1.8148495E-001 +8.5321160E-001
+7.4400000E+002 +7.6084545E-001 +1.8835280E-001 +5.7249266E-001
+7.5000000E+002 +7.6984620E-001 +1.9522064E-001 +5.7462556E-001
+7.5600000E+002 +9.6186969E-001 +2.0208848E-001 +7.5978121E-001
+7.6200000E+002 +1.2372653E+000 +2.0895632E-001 +1.0283090E+000
+7.6800000E+002 +6.9655728E-001 +2.1582417E-001 +4.8073311E-001
+7.7400000E+002 +1.2404394E+000 +2.2269201E-001 +1.0177474E+000
+7.8000000E+002 +6.6976779E-001 +2.2955985E-001 +4.4020794E-001
+7.8600000E+002 -6.1444844E-001 +2.3642769E-001 -8.5087614E-001
+7.9200000E+002 -4.1105750E-001 +2.4329554E-001 -6.5435304E-001
+7.9800000E+002 +1.8122269E-001 +2.5016338E-001 -6.8940691E-002
+8.0400000E+002 -1.3362091E+000 +2.5703122E-001 -1.5932403E+000
+8.1000000E+002 -4.6185227E-001 +2.6389907E-001 -7.2575134E-001
+8.1600000E+002 -2.9412047E-001 +2.7076691E-001 -5.6488738E-001
+8.2200000E+002 -1.3135841E-001 +2.7763475E-001 -4.0899316E-001
+8.2800000E+002 -7.1859567E-002 +2.8450259E-001 -3.5636216E-001
+8.3400000E+002 -5.1388440E-001 +2.9137044E-001 -8.0525484E-001
+8.4000000E+002 -6.5567892E-001 +2.9823828E-001 -9.5391720E-001
+8.4600000E+002 +4.0450664E-001 +3.0510612E-001 +9.9400515E-002
+8.5200000E+002 -9.3160092E-001 +3.1197396E-001 -1.2435749E+000
+8.5800000E+002 -1.0623161E+000 +3.1884181E-001 -1.3811579E+000
+8.6400000E+002 +9.1398727E-001 +3.2570965E-001 +5.8827762E-001
+8.7000000E+002 +9.8858761E-002 +3.3257749E-001 -2.3371873E-001
+8.7600000E+002 +4.9375484E-001 +3.3944534E-001 +1.5430951E-001
+8.8200000E+002 -9.9976570E-002 +3.4631318E-001 -4.4628975E-001
+8.8800000E+002 +4.1888959E-001 +3.5318102E-001 +6.5708571E-002
+8.9400000E+002 +8.5144261E-001 +3.6004886E-001 +4.9139375E-001
+9.0000000E+002 +6.9862450E-001 +3.6691671E-001 +3.3170779E-001
+9.0600000E+002 +5.6122016E-001 +3.6441043E-001 +1.9680973E-001
+9.1200000E+002 -1.6015082E-001 +3.6190415E-001 -5.2205498E-001
+9.1800000E+002 -2.6504050E-001 +3.5939788E-001 -6.2443838E-001
+9.2400000E+002 -7.5317711E-001 +3.5689160E-001 -1.1100687E+000
+9.3000000E+002 +2.7553239E-001 +3.5438532E-001 -7.8852936E-002
+9.3600000E+002 +1.2100161E-001 +3.5187905E-001 -2.3087744E-001
+9.4200000E+002 +5.8296608E-001 +3.4937277E-001 +2.3359331E-001
+9.4800000E+002 +1.6098645E-001 +3.4686649E-001 -1.8588004E-001
+9.5400000E+002 +1.2544536E+000 +3.4436022E-001 +9.1009340E-001
+9.6000000E+002 +1.3625957E+000 +3.4185394E-001 +1.0207418E+000
+9.6600000E+002 -5.1551326E-001 +3.3934766E-001 -8.5486092E-001
+9.7200000E+002 +5.1905717E-001 +3.3684139E-001 +1.8221578E-001
+9.7800000E+002 +1.2651057E+000 +3.3433511E-001 +9.3077055E-001
+9.8400000E+002 -1.7868741E-001 +3.3182883E-001 -5.1051624E-001
+9.9000000E+002 +1.8625462E-001 +3.2932256E-001 -1.4306794E-001
+9.9600000E+002 -7.4157948E-001 +3.2681628E-001 -1.0683958E+000
+1.0020000E+003 -9.6377214E-001 +3.2431000E-001 -1.2880821E+000
+1.0080000E+003 +7.1804047E-001 +3.2180373E-001 +3.9623674E-001
+1.0140000E+003 +6.0218652E-001 +3.1929745E-001 +2.8288907E-001
+1.0200000E+003 +3.8697693E-001 +3.1679117E-001 +7.0185755E-002
+1.0260000E+003 +7.7072398E-001 +3.1428490E-001 +4.5643908E-001
+1.0320000E+003 +1.0517598E+000 +3.1177862E-001 +7.3998122E-001
+1.0380000E+003 +8.2845500E-001 +3.0927235E-001 +5.1918265E-001
+1.0440000E+003 +8.9923606E-001 +3.0676607E-001 +5.9247000E-001
+1.0500000E+003 +8.6260313E-001 +3.0425979E-001 +5.5834334E-001
+1.0560000E+003 +1.2171462E+000 +3.0175352E-001 +9.1539269E-001
+1.0620000E+003 +5.6156071E-001 +2.9924724E-001 +2.6231347E-001
+1.0680000E+003 -7.0533823E-001 +2.9674096E-001 -1.0020792E+000
+1.0740000E+003 +1.2153972E+000 +2.9423469E-001 +9.2116253E-001
+1.0800000E+003 +4.2285916E-001 +2.9172841E-001 +1.3113075E-001
+1.0860000E+003 +1.1162939E+000 +2.8922213E-001 +8.2707173E-001
+1.0920000E+003 -6.0488995E-001 +2.8671586E-001 -8.9160580E-001
+1.0980000E+003 +3.5888539E-001 +2.8420958E-001 +7.4675806E-002
+1.1040000E+003 +2.0737104E-001 +2.8170330E-001 -7.4332259E-002
+1.1100000E+003 -4.5950554E-001 +2.7919703E-001 -7.3870257E-001
+1.1160000E+003 +1.0583601E+000 +2.7669075E-001 +7.8166934E-001
+1.1220000E+003 +5.6124826E-001 +2.7418447E-001 +2.8706378E-001
+1.1280000E+003 +2.4961203E-001 +2.7167820E-001 -2.2066164E-002
+1.1340000E+003 +5.2407227E-001 +2.6917192E-001 +2.5490035E-001
+1.1400000E+003 +1.2854108E+000 +2.6666564E-001 +1.0187451E+000
+1.1460000E+003 +5.3456164E-001 +2.6415937E-001 +2.7040228E-001
+1.1520000E+003 +5.7260108E-001 +2.6165309E-001 +3.1094799E-001
+1.1580000E+003 -1.9926449E-001 +2.5914681E-001 -4.5841131E-001
+1.1640000E+003 +1.5202883E+000 +2.5664054E-001 +1.2636477E+000
+1.1700000E+003 -1.6731483E-001 +2.5413426E-001 -4.2144909E-001
+1.1760000E+003 +1.3394387E+000 +2.5162798E-001 +1.0878107E+000
+1.1820000E+003 -9.5786867E-001 +2.4912171E-001 -1.2069904E+000
+1.1880000E+003 +6.4239835E-001 +2.4661543E-001 +3.9578292E-001
+1.1940000E+003 -3.5809042E-001 +2.4410915E-001 -6.0219957E-001
+1.2000000E+003 +1.2423511E+000 +2.4160288E-001 +1.0007482E+000
+1.2060000E+003 +9.4540670E-001 +2.3909660E-001 +7.0631010E-001
+1.2120000E+003 +8.5273917E-001 +2.3659033E-001 +6.1614885E-001
+1.2180000E+003 +9.6597208E-001 +2.3408405E-001 +7.3188803E-001
+1.2240000E+003 +1.1866718E+000 +2.3157777E-001 +9.5509399E-001
+1.2300000E+003 +6.1633000E-001 +2.2907150E-001 +3.8725850E-001
+1.2360000E+003 +1.5634750E-001 +2.2656522E-001 -7.0217722E-002
+1.2420000E+003 +1.4080183E+000 +2.2405894E-001 +1.1839594E+000
+1.2480000E+003 +1.9725155E+000 +2.2155267E-001 +1.7509629E+000
+1.2540000E+003 -7.4912200E-001 +2.1904639E-001 -9.6816839E-001
+1.2600000E+003 +1.8439989E+000 +2.1654011E-001 +1.6274588E+000
+1.2660000E+003 +1.7526156E+000 +2.1403384E-001 +1.5385818E+000
+1.2720000E+003 +2.7730123E-001 +2.1152756E-001 +6.5773672E-002
+1.2780000E+003 -2.3815419E+000 +2.0902128E-001 -2.5905632E+000
+1.2840000E+003 -2.7236869E+000 +2.0651501E-001 -2.9302019E+000
+1.2900000E+003 -1.1490854E+000 +2.0400873E-001 -1.3530942E+000
+1.2960000E+003 -3.5786816E-001 +2.0150245E-001 -5.5937062E-001
+1.3020000E+003 +9.4965584E-001 +1.9899618E-001 +7.5065966E-001
+1.3080000E+003 +2.1730023E+000 +1.9648990E-001 +1.9765124E+000
+1.3140000E+003 +9.1151677E-001 +1.9398362E-001 +7.1753315E-001
+1.3200000E+003 +1.2643810E+000 +1.9147735E-001 +1.0729036E+000
+1.3260000E+003 +3.0621625E-002 +1.8897107E-001 -1.5834945E-001
+1.3320000E+003 -1.9087933E-001 +1.8646479E-001 -3.7734413E-001
+1.3380000E+003 +3.9862685E-001 +1.8395852E-001 +2.1466833E-001
+1.3440000E+003 -3.0223090E-001 +1.8145224E-001 -4.8368314E-001
+1.3500000E+003 +1.1050710E+000 +1.7894596E-001 +9.2612505E-001
+1.3560000E+003 +4.1896656E-001 +1.7259538E-001 +2.4637118E-001
+1.3620000E+003 +3.7816716E-002 +1.6624479E-001 -1.2842808E-001
+1.3680000E+003 -2.4007304E-001 +1.5989421E-001 -3.9996725E-001
+1.3740000E+003 +2.8356532E-001 +1.5354362E-001 +1.3002169E-001
+1.3800000E+003 -1.9301914E-001 +1.4719304E-001 -3.4021218E-001
+1.3860000E+003 -1.1715776E+000 +1.4084245E-001 -1.3124201E+000
+1.3920000E+003 -5.3842892E-002 +1.3449187E-001 -1.8833476E-001
+1.3980000E+003 -1.3415108E+000 +1.2814128E-001 -1.4696521E+000
+1.4040000E+003 -3.3622217E-001 +1.2179070E-001 -4.5801286E-001
+1.4100000E+003 -2.3954519E-001 +1.1544011E-001 -3.5498530E-001
+1.4160000E+003 -5.2958798E-002 +1.0908953E-001 -1.6204833E-001
+1.4220000E+003 +2.2163157E-002 +1.0273894E-001 -8.0575787E-002
+1.4280000E+003 +4.8456655E-001 +9.6388359E-002 +3.8817819E-001
+1.4340000E+003 -9.6686967E-001 +9.0037774E-002 -1.0569074E+000
+1.4400000E+003 -3.3312158E-001 +8.3687189E-002 -4.1680877E-001
+1.4460000E+003 -1.1500995E-001 +7.7336604E-002 -1.9234656E-001
+1.4520000E+003 -4.1319156E-001 +7.0986019E-002 -4.8417758E-001
+1.4580000E+003 -8.2815229E-001 +6.4635434E-002 -8.9278773E-001
+1.4640000E+003 -7.6020215E-001 +5.8284849E-002 -8.1848700E-001
+1.4700000E+003 -3.0947207E-001 +5.1934264E-002 -3.6140633E-001
+1.4760000E+003 -1.7591269E-001 +4.5583679E-002 -2.2149637E-001
+1.4820000E+003 +3.4070481E-001 +3.9233094E-002 +3.0147172E-001
+1.4880000E+003 +7.4078615E-001 +3.2882508E-002 +7.0790364E-001
+1.4940000E+003 +2.4909250E-002 +2.6531923E-002 -1.6226730E-003
+1.5000000E+003 -1.0061822E+000 +2.0181338E-002 -1.0263635E+000
+1.5060000E+003 -1.0515868E+000 +1.3830753E-002 -1.0654176E+000
+1.5120000E+003 -1.3102558E+000 +7.4801683E-003 -1.3177360E+000
+1.5180000E+003 -7.8100427E-001 +1.1295833E-003 -7.8213386E-001
+1.5240000E+003 -6.2524119E-002 -5.2210017E-003 -5.7303117E-002
+1.5300000E+003 -9.5339861E-001 -1.1571587E-002 -9.4182702E-001
+1.5360000E+003 -1.4521177E+000 -1.7922172E-002 -1.4341956E+000
+1.5420000E+003 -4.5709468E-001 -2.4272757E-002 -4.3282193E-001
+1.5480000E+003 -6.6683245E-002 -3.0623342E-002 -3.6059903E-002
+1.5540000E+003 -5.7919566E-001 -3.6973927E-002 -5.4222173E-001
+1.5600000E+003 -1.9292103E-001 -4.3324512E-002 -1.4959652E-001
+1.5660000E+003 +3.9385606E-001 -4.9675097E-002 +4.4353116E-001
+1.5720000E+003 +1.2828369E+000 -5.6025682E-002 +1.3388626E+000
+1.5780000E+003 +1.4756902E+000 -6.2376267E-002 +1.5380665E+000
+1.5840000E+003 +1.7740340E+000 -6.8726852E-002 +1.8427609E+000
+1.5900000E+003 +1.5794181E+000 -7.5077437E-002 +1.6544955E+000
+1.5960000E+003 +7.9330718E-001 -8.1428022E-002 +8.7473520E-001
+1.6020000E+003 +5.1706517E-001 -8.7778607E-002 +6.0484378E-001
+1.6080000E+003 +3.5194042E-001 -9.4129192E-002 +4.4606961E-001
+1.6140000E+003 -9.0094778E-001 -1.0047978E-001 -8.0046800E-001
+1.6200000E+003 -1.3406212E+000 -1.0683036E-001 -1.2337908E+000
+1.6260000E+003 +7.3374694E-001 -1.1318095E-001 +8.4692788E-001
+1.6320000E+003 +1.8228229E+000 -1.1953153E-001 +1.9423544E+000
+1.6380000E+003 -4.7289439E-001 -1.2588212E-001 -3.4701227E-001
+1.6440000E+003 -1.8530786E+000 -1.3223270E-001 -1.7208459E+000
+1.6500000E+003 -1.1175795E+000 -1.3858329E-001 -9.7899621E-001
+1.6560000E+003 -9.6642409E-001 -1.4493387E-001 -8.2149022E-001
+1.6620000E+003 +3.0018369E-001 -1.5128446E-001 +4.5146815E-001
+1.6680000E+003 +1.7818656E+000 -1.5763504E-001 +1.9395006E+000
+1.6740000E+003 +8.7807340E-001 -1.6398563E-001 +1.0420590E+000
+1.6800000E+003 -3.1190486E-001 -1.7033621E-001 -1.4156864E-001
+1.6860000E+003 -1.7889368E+000 -1.7668680E-001 -1.6122500E+000
+1.6920000E+003 -3.1540360E+000 -1.8303738E-001 -2.9709986E+000
+1.6980000E+003 -1.3083506E+000 -1.8938797E-001 -1.1189627E+000
+1.7040000E+003 +7.4684937E-001 -1.9573855E-001 +9.4258793E-001
+1.7100000E+003 +1.8101865E+000 -2.0208914E-001 +2.0122756E+000
+1.7160000E+003 +1.0801909E+000 -2.0843972E-001 +1.2886306E+000
+1.7220000E+003 -3.4468331E-001 -2.1479031E-001 -1.2989300E-001
+1.7280000E+003 +3.3959416E-002 -2.2114089E-001 +2.5510031E-001
+1.7340000E+003 +1.0144735E+000 -2.2749148E-001 +1.2419650E+000
+1.7400000E+003 +6.9519085E-001 -2.3384206E-001 +9.2903291E-001
+1.7460000E+003 +1.7443903E-001 -2.4019265E-001 +4.1463168E-001
+1.7520000E+003 +6.5056017E-001 -2.4654323E-001 +8.9710341E-001
+1.7580000E+003 +8.2192922E-001 -2.5289382E-001 +1.0748230E+000
+1.7640000E+003 +4.8697203E-001 -2.5924440E-001 +7.4621643E-001
+1.7700000E+003 -4.5581711E-001 -2.6559499E-001 -1.9022213E-001
+1.7760000E+003 -6.0785871E-001 -2.7194557E-001 -3.3591314E-001
+1.7820000E+003 -5.7047222E-001 -2.7829616E-001 -2.9217607E-001
+1.7880000E+003 -1.4448613E+000 -2.8464674E-001 -1.1602146E+000
+1.7940000E+003 -1.8321003E+000 -2.9099733E-001 -1.5411030E+000
+1.8000000E+003 -1.5331223E+000 -2.9734791E-001 -1.2357744E+000
