Normal Matrix 

  0.123   0.755   0.339   0.005   0.000   0.000   0.000   0.000   0.000   0.000   0.000   0.000   0.000   0.000 
  0.755   6.759   5.801   0.649   0.005   0.000   0.000   0.000   0.000   0.000   0.000   0.000   0.000   0.000 
  0.339   5.801  12.979   6.445   0.649   0.005   0.000   0.000   0.000   0.000   0.000   0.000   0.000   0.000 
  0.005   0.649   6.445  13.074   6.445   0.649   0.005   0.000   0.000   0.000   0.000   0.000   0.000   0.000 
  0.000   0.005   0.649   6.445  13.074   6.445   0.649   0.005   0.000   0.000   0.000   0.000   0.000   0.000 
  0.000   0.000   0.005   0.649   6.445  13.074   6.445   0.649   0.005   0.000   0.000   0.000   0.000   0.000 
  0.000   0.000   0.000   0.005   0.649   6.445  13.074   6.445   0.649   0.005   0.000   0.000   0.000   0.000 
  0.000   0.000   0.000   0.000   0.005   0.649   6.445  13.074   6.445   0.649   0.005   0.000   0.000   0.000 
  0.000   0.000   0.000   0.000   0.000   0.005   0.649   6.445  13.074   6.445   0.649   0.005   0.000   0.000 
  0.000   0.000   0.000   0.000   0.000   0.000   0.005   0.649   6.445  13.074   6.445   0.649   0.005   0.000 
  0.000   0.000   0.000   0.000   0.000   0.000   0.000   0.005   0.649   6.445  13.074   6.445   0.649   0.005 
  0.000   0.000   0.000   0.000   0.000   0.000   0.000   0.000   0.005   0.649   6.445  12.979   5.801   0.339 
  0.000   0.000   0.000   0.000   0.000   0.000   0.000   0.000   0.000   0.005   0.649   5.801   6.759   0.755 
  0.000   0.000   0.000   0.000   0.000   0.000   0.000   0.000   0.000   0.000   0.005   0.339   0.755   0.123 


Normal Matrix (as stored) 

+1.226E-001 +7.546E-001 +3.386E-001 +5.411E-003 
+6.759E+000 +5.801E+000 +6.494E-001 +5.411E-003 
+1.298E+001 +6.445E+000 +6.494E-001 +5.411E-003 
+1.307E+001 +6.445E+000 +6.494E-001 +5.411E-003 
+1.307E+001 +6.445E+000 +6.494E-001 +5.411E-003 
+1.307E+001 +6.445E+000 +6.494E-001 +5.411E-003 
+1.307E+001 +6.445E+000 +6.494E-001 +5.411E-003 
+1.307E+001 +6.445E+000 +6.494E-001 +5.411E-003 
+1.307E+001 +6.445E+000 +6.494E-001 +5.411E-003 
+1.307E+001 +6.445E+000 +6.494E-001 +5.411E-003 
+1.307E+001 +6.445E+000 +6.494E-001 +5.411E-003 
+1.298E+001 +5.801E+000 +3.386E-001 +0.000E+000 
+6.759E+000 +7.546E-001 +0.000E+000 +0.000E+000 
+1.226E-001 +0.000E+000 +0.000E+000 +0.000E+000 


Diagonal of Inverse Normal Matrix 

 44.852 
  1.418 
  0.367 
  0.227 
  0.194 
  0.186 
  0.183 
  0.183 
  0.186 
  0.194 
  0.227 
  0.367 
  1.418 
 44.852 


Normal Vector 

  0.0773 
 -4.0498 
-12.7216 
 -8.0553 
 -0.5714 
  3.0802 
  3.8084 
  8.8900 
 13.0136 
  5.0698 
 -4.2367 
 -1.1069 
 -2.5252 
 -0.6725 


Parameter Vector 

  8.1615 
 -0.9343 
 -0.6407 
 -0.2722 
  0.0065 
  0.2367 
 -0.0123 
  0.3065 
  0.7129 
  0.3335 
 -0.6561 
  0.2187 
  0.5685 
 -9.5578 


Estimated Observation 

  0.6306 
  0.4755 
  0.3325 
  0.2012 
  0.0812 
 -0.0280 
 -0.1270 
 -0.2160 
 -0.2956 
 -0.3663 
 -0.4285 
 -0.4827 
 -0.5292 
 -0.5687 
 -0.6015 
 -0.6282 
 -0.6490 
 -0.6646 
 -0.6754 
 -0.6819 
 -0.6844 
 -0.6835 
 -0.6796 
 -0.6732 
 -0.6647 
 -0.6547 
 -0.6434 
 -0.6315 
 -0.6194 
 -0.6071 
 -0.5948 
 -0.5824 
 -0.5699 
 -0.5573 
 -0.5447 
 -0.5321 
 -0.5194 
 -0.5066 
 -0.4939 
 -0.4811 
 -0.4684 
 -0.4556 
 -0.4429 
 -0.4301 
 -0.4174 
 -0.4048 
 -0.3921 
 -0.3796 
 -0.3671 
 -0.3546 
 -0.3422 
 -0.3300 
 -0.3178 
 -0.3057 
 -0.2937 
 -0.2818 
 -0.2701 
 -0.2584 
 -0.2469 
 -0.2355 
 -0.2242 
 -0.2130 
 -0.2019 
 -0.1910 
 -0.1801 
 -0.1693 
 -0.1587 
 -0.1481 
 -0.1376 
 -0.1273 
 -0.1170 
 -0.1068 
 -0.0967 
 -0.0866 
 -0.0767 
 -0.0668 
 -0.0570 
 -0.0473 
 -0.0377 
 -0.0282 
 -0.0187 
 -0.0092 
  0.0001 
  0.0094 
  0.0186 
  0.0277 
  0.0366 
  0.0454 
  0.0540 
  0.0624 
  0.0706 
  0.0786 
  0.0863 
  0.0937 
  0.1008 
  0.1076 
  0.1141 
  0.1202 
  0.1259 
  0.1312 
  0.1360 
  0.1404 
  0.1443 
  0.1478 
  0.1507 
  0.1531 
  0.1549 
  0.1562 
  0.1568 
  0.1569 
  0.1563 
  0.1551 
  0.1533 
  0.1511 
  0.1484 
  0.1453 
  0.1419 
  0.1382 
  0.1343 
  0.1302 
  0.1259 
  0.1216 
  0.1172 
  0.1129 
  0.1086 
  0.1045 
  0.1005 
  0.0968 
  0.0933 
  0.0902 
  0.0875 
  0.0852 
  0.0833 
  0.0821 
  0.0814 
  0.0813 
  0.0820 
  0.0833 
  0.0855 
  0.0883 
  0.0919 
  0.0961 
  0.1010 
  0.1065 
  0.1126 
  0.1194 
  0.1266 
  0.1344 
  0.1427 
  0.1515 
  0.1608 
  0.1705 
  0.1806 
  0.1911 
  0.2020 
  0.2133 
  0.2248 
  0.2367 
  0.2488 
  0.2612 
  0.2738 
  0.2866 
  0.2996 
  0.3127 
  0.3260 
  0.3394 
  0.3528 
  0.3663 
  0.3797 
  0.3930 
  0.4063 
  0.4194 
  0.4323 
  0.4449 
  0.4573 
  0.4693 
  0.4810 
  0.4922 
  0.5030 
  0.5133 
  0.5230 
  0.5322 
  0.5407 
  0.5486 
  0.5557 
  0.5621 
  0.5676 
  0.5724 
  0.5762 
  0.5791 
  0.5811 
  0.5820 
  0.5819 
  0.5807 
  0.5785 
  0.5752 
  0.5710 
  0.5657 
  0.5594 
  0.5521 
  0.5439 
  0.5346 
  0.5244 
  0.5132 
  0.5011 
  0.4881 
  0.4741 
  0.4591 
  0.4433 
  0.4265 
  0.4089 
  0.3903 
  0.3709 
  0.3506 
  0.3295 
  0.3074 
  0.2846 
  0.2609 
  0.2363 
  0.2110 
  0.1849 
  0.1582 
  0.1311 
  0.1036 
  0.0759 
  0.0480 
  0.0202 
 -0.0075 
 -0.0349 
 -0.0620 
 -0.0886 
 -0.1145 
 -0.1397 
 -0.1640 
 -0.1874 
 -0.2096 
 -0.2306 
 -0.2503 
 -0.2685 
 -0.2850 
 -0.2999 
 -0.3129 
 -0.3240 
 -0.3329 
 -0.3397 
 -0.3441 
 -0.3461 
 -0.3457 
 -0.3429 
 -0.3379 
 -0.3309 
 -0.3218 
 -0.3109 
 -0.2983 
 -0.2841 
 -0.2683 
 -0.2512 
 -0.2328 
 -0.2133 
 -0.1927 
 -0.1712 
 -0.1489 
 -0.1260 
 -0.1025 
 -0.0786 
 -0.0543 
 -0.0298 
 -0.0053 
  0.0193 
  0.0437 
  0.0678 
  0.0915 
  0.1147 
  0.1373 
  0.1591 
  0.1795 
  0.1981 
  0.2143 
  0.2278 
  0.2380 
  0.2444 
  0.2465 
  0.2439 
  0.2360 
  0.2223 
  0.2025 
  0.1759 
  0.1421 
  0.1005 
  0.0508 
 -0.0076 
 -0.0752 
 -0.1524 
 -0.2399 
 -0.3379 
 -0.4471 
 -0.5680 
 -0.7009 
 -0.8465 
 -1.0052 
 -1.1775 


Grid Values Vector 

  5.2853 
  0.6306 
 -0.6282 
 -0.2872 
 -0.0016 
  0.1568 
  0.0824 
  0.3211 
  0.5819 
  0.2318 
 -0.3454 
  0.1312 
 -1.1775 
 -6.2771 


Diagonal of Parameters Covariance Matrix 

 40.164 
  1.270 
  0.329 
  0.203 
  0.174 
  0.166 
  0.164 
  0.164 
  0.166 
  0.174 
  0.203 
  0.329 
  1.270 
 40.164 


Sigma Zero : 0.895474 
