Normal Matrix 

  4.861   2.163   0.000   0.000   0.000   0.000   0.000   0.000   0.000   0.000   0.000   0.000   0.000   0.000   0.000   0.000   0.000   0.000   0.000   0.000   0.000   0.000   0.000   0.000 
  2.163   8.715   2.166   0.000   0.000   0.000   0.000   0.000   0.000   0.000   0.000   0.000   0.000   0.000   0.000   0.000   0.000   0.000   0.000   0.000   0.000   0.000   0.000   0.000 
  0.000   2.166   8.709   2.169   0.000   0.000   0.000   0.000   0.000   0.000   0.000   0.000   0.000   0.000   0.000   0.000   0.000   0.000   0.000   0.000   0.000   0.000   0.000   0.000 
  0.000   0.000   2.169   8.704   2.171   0.000   0.000   0.000   0.000   0.000   0.000   0.000   0.000   0.000   0.000   0.000   0.000   0.000   0.000   0.000   0.000   0.000   0.000   0.000 
  0.000   0.000   0.000   2.171   8.699   2.173   0.000   0.000   0.000   0.000   0.000   0.000   0.000   0.000   0.000   0.000   0.000   0.000   0.000   0.000   0.000   0.000   0.000   0.000 
  0.000   0.000   0.000   0.000   2.173   8.695   2.175   0.000   0.000   0.000   0.000   0.000   0.000   0.000   0.000   0.000   0.000   0.000   0.000   0.000   0.000   0.000   0.000   0.000 
  0.000   0.000   0.000   0.000   0.000   2.175   8.692   2.177   0.000   0.000   0.000   0.000   0.000   0.000   0.000   0.000   0.000   0.000   0.000   0.000   0.000   0.000   0.000   0.000 
  0.000   0.000   0.000   0.000   0.000   0.000   2.177   8.689   2.178   0.000   0.000   0.000   0.000   0.000   0.000   0.000   0.000   0.000   0.000   0.000   0.000   0.000   0.000   0.000 
  0.000   0.000   0.000   0.000   0.000   0.000   0.000   2.178   8.686   2.179   0.000   0.000   0.000   0.000   0.000   0.000   0.000   0.000   0.000   0.000   0.000   0.000   0.000   0.000 
  0.000   0.000   0.000   0.000   0.000   0.000   0.000   0.000   2.179   8.685   2.180   0.000   0.000   0.000   0.000   0.000   0.000   0.000   0.000   0.000   0.000   0.000   0.000   0.000 
  0.000   0.000   0.000   0.000   0.000   0.000   0.000   0.000   0.000   2.180   8.684   2.180   0.000   0.000   0.000   0.000   0.000   0.000   0.000   0.000   0.000   0.000   0.000   0.000 
  0.000   0.000   0.000   0.000   0.000   0.000   0.000   0.000   0.000   0.000   2.180   8.683   2.180   0.000   0.000   0.000   0.000   0.000   0.000   0.000   0.000   0.000   0.000   0.000 
  0.000   0.000   0.000   0.000   0.000   0.000   0.000   0.000   0.000   0.000   0.000   2.180   8.683   2.180   0.000   0.000   0.000   0.000   0.000   0.000   0.000   0.000   0.000   0.000 
  0.000   0.000   0.000   0.000   0.000   0.000   0.000   0.000   0.000   0.000   0.000   0.000   2.180   8.684   2.180   0.000   0.000   0.000   0.000   0.000   0.000   0.000   0.000   0.000 
  0.000   0.000   0.000   0.000   0.000   0.000   0.000   0.000   0.000   0.000   0.000   0.000   0.000   2.180   8.685   2.179   0.000   0.000   0.000   0.000   0.000   0.000   0.000   0.000 
  0.000   0.000   0.000   0.000   0.000   0.000   0.000   0.000   0.000   0.000   0.000   0.000   0.000   0.000   2.179   8.686   2.178   0.000   0.000   0.000   0.000   0.000   0.000   0.000 
  0.000   0.000   0.000   0.000   0.000   0.000   0.000   0.000   0.000   0.000   0.000   0.000   0.000   0.000   0.000   2.178   8.689   2.177   0.000   0.000   0.000   0.000   0.000   0.000 
  0.000   0.000   0.000   0.000   0.000   0.000   0.000   0.000   0.000   0.000   0.000   0.000   0.000   0.000   0.000   0.000   2.177   8.692   2.175   0.000   0.000   0.000   0.000   0.000 
  0.000   0.000   0.000   0.000   0.000   0.000   0.000   0.000   0.000   0.000   0.000   0.000   0.000   0.000   0.000   0.000   0.000   2.175   8.695   2.173   0.000   0.000   0.000   0.000 
  0.000   0.000   0.000   0.000   0.000   0.000   0.000   0.000   0.000   0.000   0.000   0.000   0.000   0.000   0.000   0.000   0.000   0.000   2.173   8.699   2.171   0.000   0.000   0.000 
  0.000   0.000   0.000   0.000   0.000   0.000   0.000   0.000   0.000   0.000   0.000   0.000   0.000   0.000   0.000   0.000   0.000   0.000   0.000   2.171   8.704   2.169   0.000   0.000 
  0.000   0.000   0.000   0.000   0.000   0.000   0.000   0.000   0.000   0.000   0.000   0.000   0.000   0.000   0.000   0.000   0.000   0.000   0.000   0.000   2.169   8.709   2.166   0.000 
  0.000   0.000   0.000   0.000   0.000   0.000   0.000   0.000   0.000   0.000   0.000   0.000   0.000   0.000   0.000   0.000   0.000   0.000   0.000   0.000   0.000   2.166   8.715   2.163 
  0.000   0.000   0.000   0.000   0.000   0.000   0.000   0.000   0.000   0.000   0.000   0.000   0.000   0.000   0.000   0.000   0.000   0.000   0.000   0.000   0.000   0.000   2.163   4.861 


Normal Matrix (as stored) 

+4.861E+000 +2.163E+000 
+8.715E+000 +2.166E+000 
+8.709E+000 +2.169E+000 
+8.704E+000 +2.171E+000 
+8.699E+000 +2.173E+000 
+8.695E+000 +2.175E+000 
+8.692E+000 +2.177E+000 
+8.689E+000 +2.178E+000 
+8.686E+000 +2.179E+000 
+8.685E+000 +2.180E+000 
+8.684E+000 +2.180E+000 
+8.683E+000 +2.180E+000 
+8.683E+000 +2.180E+000 
+8.684E+000 +2.180E+000 
+8.685E+000 +2.179E+000 
+8.686E+000 +2.178E+000 
+8.689E+000 +2.177E+000 
+8.692E+000 +2.175E+000 
+8.695E+000 +2.173E+000 
+8.699E+000 +2.171E+000 
+8.704E+000 +2.169E+000 
+8.709E+000 +2.166E+000 
+8.715E+000 +2.163E+000 
+4.861E+000 +0.000E+000 


Diagonal of Inverse Normal Matrix 

  0.233 
  0.139 
  0.133 
  0.133 
  0.133 
  0.133 
  0.133 
  0.133 
  0.133 
  0.133 
  0.133 
  0.133 
  0.133 
  0.133 
  0.133 
  0.133 
  0.133 
  0.133 
  0.133 
  0.133 
  0.133 
  0.133 
  0.139 
  0.233 


Normal Vector 

  1.3553 
 -7.6094 
 -6.2964 
 -7.2014 
 -4.7755 
 -2.3697 
  3.1308 
 -3.2407 
  2.4567 
  2.7508 
  2.4934 
 -0.7346 
  3.7770 
  5.9858 
  6.0401 
  7.1407 
  6.0837 
  2.3289 
 -3.6158 
 -5.2415 
  2.1410 
 -1.5323 
  1.2507 
 -4.3177 


Parameter Vector 

  0.7113 
 -0.9719 
 -0.3128 
 -0.6765 
 -0.2925 
 -0.3507 
  0.6048 
 -0.6263 
  0.4060 
  0.1350 
  0.3184 
 -0.2594 
  0.3776 
  0.4879 
  0.4248 
  0.5909 
  0.4968 
  0.2204 
 -0.3072 
 -0.6551 
  0.5183 
 -0.4371 
  0.5313 
 -1.1247 


Estimated Observation 

  0.7113 
  0.5823 
  0.4532 
  0.3242 
  0.1951 
  0.0661 
 -0.0630 
 -0.1920 
 -0.3211 
 -0.4501 
 -0.5792 
 -0.7082 
 -0.8373 
 -0.9663 
 -0.9236 
 -0.8731 
 -0.8225 
 -0.7720 
 -0.7215 
 -0.6709 
 -0.6204 
 -0.5699 
 -0.5193 
 -0.4688 
 -0.4183 
 -0.3677 
 -0.3172 
 -0.3383 
 -0.3662 
 -0.3940 
 -0.4219 
 -0.4498 
 -0.4777 
 -0.5056 
 -0.5334 
 -0.5613 
 -0.5892 
 -0.6171 
 -0.6450 
 -0.6728 
 -0.6509 
 -0.6215 
 -0.5920 
 -0.5626 
 -0.5331 
 -0.5037 
 -0.4743 
 -0.4448 
 -0.4154 
 -0.3860 
 -0.3565 
 -0.3271 
 -0.2976 
 -0.2962 
 -0.3007 
 -0.3051 
 -0.3096 
 -0.3141 
 -0.3185 
 -0.3230 
 -0.3274 
 -0.3319 
 -0.3364 
 -0.3408 
 -0.3453 
 -0.3497 
 -0.2934 
 -0.2201 
 -0.1469 
 -0.0736 
 -0.0004 
  0.0729 
  0.1462 
  0.2194 
  0.2927 
  0.3659 
  0.4392 
  0.5124 
  0.5857 
  0.5350 
  0.4407 
  0.3463 
  0.2519 
  0.1575 
  0.0631 
 -0.0312 
 -0.1256 
 -0.2200 
 -0.3144 
 -0.4088 
 -0.5031 
 -0.5975 
 -0.5712 
 -0.4921 
 -0.4129 
 -0.3338 
 -0.2546 
 -0.1755 
 -0.0964 
 -0.0172 
  0.0619 
  0.1410 
  0.2202 
  0.2993 
  0.3785 
  0.3924 
  0.3717 
  0.3509 
  0.3301 
  0.3093 
  0.2885 
  0.2678 
  0.2470 
  0.2262 
  0.2054 
  0.1847 
  0.1639 
  0.1431 
  0.1435 
  0.1576 
  0.1717 
  0.1857 
  0.1998 
  0.2138 
  0.2279 
  0.2420 
  0.2560 
  0.2701 
  0.2841 
  0.2982 
  0.3123 
  0.2933 
  0.2491 
  0.2048 
  0.1605 
  0.1162 
  0.0719 
  0.0276 
 -0.0167 
 -0.0610 
 -0.1053 
 -0.1496 
 -0.1939 
 -0.2382 
 -0.2339 
 -0.1850 
 -0.1362 
 -0.0874 
 -0.0385 
  0.0103 
  0.0591 
  0.1080 
  0.1568 
  0.2056 
  0.2545 
  0.3033 
  0.3521 
  0.3817 
  0.3901 
  0.3986 
  0.4070 
  0.4155 
  0.4239 
  0.4324 
  0.4408 
  0.4493 
  0.4578 
  0.4662 
  0.4747 
  0.4831 
  0.4858 
  0.4810 
  0.4761 
  0.4713 
  0.4664 
  0.4616 
  0.4568 
  0.4519 
  0.4471 
  0.4422 
  0.4374 
  0.4326 
  0.4277 
  0.4298 
  0.4425 
  0.4552 
  0.4680 
  0.4807 
  0.4935 
  0.5062 
  0.5189 
  0.5317 
  0.5444 
  0.5571 
  0.5699 
  0.5826 
  0.5884 
  0.5812 
  0.5740 
  0.5668 
  0.5596 
  0.5524 
  0.5451 
  0.5379 
  0.5307 
  0.5235 
  0.5163 
  0.5091 
  0.5019 
  0.4904 
  0.4692 
  0.4480 
  0.4268 
  0.4056 
  0.3844 
  0.3632 
  0.3420 
  0.3209 
  0.2997 
  0.2785 
  0.2573 
  0.2361 
  0.2099 
  0.1694 
  0.1290 
  0.0885 
  0.0480 
  0.0076 
 -0.0329 
 -0.0733 
 -0.1138 
 -0.1542 
 -0.1947 
 -0.2351 
 -0.2756 
 -0.3130 
 -0.3397 
 -0.3664 
 -0.3931 
 -0.4197 
 -0.4464 
 -0.4731 
 -0.4997 
 -0.5264 
 -0.5531 
 -0.5798 
 -0.6064 
 -0.6331 
 -0.6395 
 -0.5495 
 -0.4596 
 -0.3696 
 -0.2796 
 -0.1897 
 -0.0997 
 -0.0097 
  0.0802 
  0.1702 
  0.2601 
  0.3501 
  0.4401 
  0.5087 
  0.4355 
  0.3622 
  0.2890 
  0.2157 
  0.1425 
  0.0693 
 -0.0040 
 -0.0772 
 -0.1505 
 -0.2237 
 -0.2970 
 -0.3702 
 -0.4307 
 -0.3564 
 -0.2822 
 -0.2079 
 -0.1337 
 -0.0594 
  0.0148 
  0.0890 
  0.1633 
  0.2375 
  0.3118 
  0.3860 
  0.4603 
  0.5258 
  0.3988 
  0.2718 
  0.1449 
  0.0179 
 -0.1090 
 -0.2360 
 -0.3630 
 -0.4899 
 -0.6169 
 -0.7438 
 -0.8708 
 -0.9978 
 -1.1247 


Grid Values Vector 

  0.7113 
 -0.9719 
 -0.3128 
 -0.6765 
 -0.2925 
 -0.3507 
  0.6048 
 -0.6263 
  0.4060 
  0.1350 
  0.3184 
 -0.2594 
  0.3776 
  0.4879 
  0.4248 
  0.5909 
  0.4968 
  0.2204 
 -0.3072 
 -0.6551 
  0.5183 
 -0.4371 
  0.5313 
 -1.1247 


Diagonal of Parameters Covariance Matrix 

  0.198 
  0.119 
  0.113 
  0.113 
  0.113 
  0.113 
  0.113 
  0.113 
  0.113 
  0.113 
  0.113 
  0.113 
  0.113 
  0.113 
  0.113 
  0.113 
  0.113 
  0.113 
  0.113 
  0.113 
  0.113 
  0.113 
  0.119 
  0.198 


Sigma Zero : 0.850430 
