Normal Matrix 

 14.861  -7.837   0.000   0.000   0.000   0.000   0.000   0.000   0.000   0.000   0.000   0.000   0.000   0.000   0.000   0.000   0.000   0.000   0.000   0.000   0.000   0.000   0.000   0.000 
 -7.837  28.715  -7.834   0.000   0.000   0.000   0.000   0.000   0.000   0.000   0.000   0.000   0.000   0.000   0.000   0.000   0.000   0.000   0.000   0.000   0.000   0.000   0.000   0.000 
  0.000  -7.834  28.709  -7.831   0.000   0.000   0.000   0.000   0.000   0.000   0.000   0.000   0.000   0.000   0.000   0.000   0.000   0.000   0.000   0.000   0.000   0.000   0.000   0.000 
  0.000   0.000  -7.831  28.704  -7.829   0.000   0.000   0.000   0.000   0.000   0.000   0.000   0.000   0.000   0.000   0.000   0.000   0.000   0.000   0.000   0.000   0.000   0.000   0.000 
  0.000   0.000   0.000  -7.829  28.699  -7.827   0.000   0.000   0.000   0.000   0.000   0.000   0.000   0.000   0.000   0.000   0.000   0.000   0.000   0.000   0.000   0.000   0.000   0.000 
  0.000   0.000   0.000   0.000  -7.827  28.695  -7.825   0.000   0.000   0.000   0.000   0.000   0.000   0.000   0.000   0.000   0.000   0.000   0.000   0.000   0.000   0.000   0.000   0.000 
  0.000   0.000   0.000   0.000   0.000  -7.825  28.692  -7.823   0.000   0.000   0.000   0.000   0.000   0.000   0.000   0.000   0.000   0.000   0.000   0.000   0.000   0.000   0.000   0.000 
  0.000   0.000   0.000   0.000   0.000   0.000  -7.823  28.689  -7.822   0.000   0.000   0.000   0.000   0.000   0.000   0.000   0.000   0.000   0.000   0.000   0.000   0.000   0.000   0.000 
  0.000   0.000   0.000   0.000   0.000   0.000   0.000  -7.822  28.686  -7.821   0.000   0.000   0.000   0.000   0.000   0.000   0.000   0.000   0.000   0.000   0.000   0.000   0.000   0.000 
  0.000   0.000   0.000   0.000   0.000   0.000   0.000   0.000  -7.821  28.685  -7.820   0.000   0.000   0.000   0.000   0.000   0.000   0.000   0.000   0.000   0.000   0.000   0.000   0.000 
  0.000   0.000   0.000   0.000   0.000   0.000   0.000   0.000   0.000  -7.820  28.684  -7.820   0.000   0.000   0.000   0.000   0.000   0.000   0.000   0.000   0.000   0.000   0.000   0.000 
  0.000   0.000   0.000   0.000   0.000   0.000   0.000   0.000   0.000   0.000  -7.820  28.683  -7.820   0.000   0.000   0.000   0.000   0.000   0.000   0.000   0.000   0.000   0.000   0.000 
  0.000   0.000   0.000   0.000   0.000   0.000   0.000   0.000   0.000   0.000   0.000  -7.820  28.683  -7.820   0.000   0.000   0.000   0.000   0.000   0.000   0.000   0.000   0.000   0.000 
  0.000   0.000   0.000   0.000   0.000   0.000   0.000   0.000   0.000   0.000   0.000   0.000  -7.820  28.684  -7.820   0.000   0.000   0.000   0.000   0.000   0.000   0.000   0.000   0.000 
  0.000   0.000   0.000   0.000   0.000   0.000   0.000   0.000   0.000   0.000   0.000   0.000   0.000  -7.820  28.685  -7.821   0.000   0.000   0.000   0.000   0.000   0.000   0.000   0.000 
  0.000   0.000   0.000   0.000   0.000   0.000   0.000   0.000   0.000   0.000   0.000   0.000   0.000   0.000  -7.821  28.686  -7.822   0.000   0.000   0.000   0.000   0.000   0.000   0.000 
  0.000   0.000   0.000   0.000   0.000   0.000   0.000   0.000   0.000   0.000   0.000   0.000   0.000   0.000   0.000  -7.822  28.689  -7.823   0.000   0.000   0.000   0.000   0.000   0.000 
  0.000   0.000   0.000   0.000   0.000   0.000   0.000   0.000   0.000   0.000   0.000   0.000   0.000   0.000   0.000   0.000  -7.823  28.692  -7.825   0.000   0.000   0.000   0.000   0.000 
  0.000   0.000   0.000   0.000   0.000   0.000   0.000   0.000   0.000   0.000   0.000   0.000   0.000   0.000   0.000   0.000   0.000  -7.825  28.695  -7.827   0.000   0.000   0.000   0.000 
  0.000   0.000   0.000   0.000   0.000   0.000   0.000   0.000   0.000   0.000   0.000   0.000   0.000   0.000   0.000   0.000   0.000   0.000  -7.827  28.699  -7.829   0.000   0.000   0.000 
  0.000   0.000   0.000   0.000   0.000   0.000   0.000   0.000   0.000   0.000   0.000   0.000   0.000   0.000   0.000   0.000   0.000   0.000   0.000  -7.829  28.704  -7.831   0.000   0.000 
  0.000   0.000   0.000   0.000   0.000   0.000   0.000   0.000   0.000   0.000   0.000   0.000   0.000   0.000   0.000   0.000   0.000   0.000   0.000   0.000  -7.831  28.709  -7.834   0.000 
  0.000   0.000   0.000   0.000   0.000   0.000   0.000   0.000   0.000   0.000   0.000   0.000   0.000   0.000   0.000   0.000   0.000   0.000   0.000   0.000   0.000  -7.834  28.715  -7.837 
  0.000   0.000   0.000   0.000   0.000   0.000   0.000   0.000   0.000   0.000   0.000   0.000   0.000   0.000   0.000   0.000   0.000   0.000   0.000   0.000   0.000   0.000  -7.837  14.861 


Normal Matrix (as stored) 

+1.486E+001 -7.837E+000 
+2.871E+001 -7.834E+000 
+2.871E+001 -7.831E+000 
+2.870E+001 -7.829E+000 
+2.870E+001 -7.827E+000 
+2.870E+001 -7.825E+000 
+2.869E+001 -7.823E+000 
+2.869E+001 -7.822E+000 
+2.869E+001 -7.821E+000 
+2.868E+001 -7.820E+000 
+2.868E+001 -7.820E+000 
+2.868E+001 -7.820E+000 
+2.868E+001 -7.820E+000 
+2.868E+001 -7.820E+000 
+2.868E+001 -7.821E+000 
+2.869E+001 -7.822E+000 
+2.869E+001 -7.823E+000 
+2.869E+001 -7.825E+000 
+2.870E+001 -7.827E+000 
+2.870E+001 -7.829E+000 
+2.870E+001 -7.831E+000 
+2.871E+001 -7.834E+000 
+2.871E+001 -7.837E+000 
+1.486E+001 +0.000E+000 


Diagonal of Inverse Normal Matrix 

  0.080 
  0.045 
  0.042 
  0.042 
  0.042 
  0.042 
  0.042 
  0.042 
  0.042 
  0.042 
  0.042 
  0.042 
  0.042 
  0.042 
  0.042 
  0.042 
  0.042 
  0.042 
  0.042 
  0.042 
  0.042 
  0.042 
  0.045 
  0.080 


Normal Vector 

  1.3553 
 -7.6094 
 -6.2964 
 -7.2014 
 -4.7755 
 -2.3697 
  3.1308 
 -3.2407 
  2.4567 
  2.7508 
  2.4934 
 -0.7346 
  3.7770 
  5.9858 
  6.0401 
  7.1407 
  6.0837 
  2.3289 
 -3.6158 
 -5.2415 
  2.1410 
 -1.5323 
  1.2507 
 -4.3177 


Parameter Vector 

 -0.1348 
 -0.4285 
 -0.4645 
 -0.4701 
 -0.3390 
 -0.1626 
  0.0458 
 -0.0697 
  0.1129 
  0.1697 
  0.1577 
  0.0900 
  0.2664 
  0.4041 
  0.4504 
  0.4757 
  0.3812 
  0.1448 
 -0.1478 
 -0.2248 
 -0.0066 
 -0.0729 
 -0.0650 
 -0.3248 


Estimated Observation 

 -0.1348 
 -0.1573 
 -0.1798 
 -0.2023 
 -0.2249 
 -0.2474 
 -0.2699 
 -0.2924 
 -0.3149 
 -0.3375 
 -0.3600 
 -0.3825 
 -0.4050 
 -0.4275 
 -0.4311 
 -0.4339 
 -0.4367 
 -0.4394 
 -0.4422 
 -0.4449 
 -0.4477 
 -0.4505 
 -0.4532 
 -0.4560 
 -0.4587 
 -0.4615 
 -0.4642 
 -0.4649 
 -0.4653 
 -0.4657 
 -0.4662 
 -0.4666 
 -0.4670 
 -0.4674 
 -0.4679 
 -0.4683 
 -0.4687 
 -0.4692 
 -0.4696 
 -0.4700 
 -0.4613 
 -0.4513 
 -0.4412 
 -0.4312 
 -0.4211 
 -0.4111 
 -0.4010 
 -0.3910 
 -0.3809 
 -0.3709 
 -0.3608 
 -0.3508 
 -0.3407 
 -0.3278 
 -0.3143 
 -0.3007 
 -0.2872 
 -0.2737 
 -0.2602 
 -0.2466 
 -0.2331 
 -0.2196 
 -0.2061 
 -0.1925 
 -0.1790 
 -0.1655 
 -0.1501 
 -0.1341 
 -0.1181 
 -0.1021 
 -0.0862 
 -0.0702 
 -0.0542 
 -0.0382 
 -0.0223 
 -0.0063 
  0.0097 
  0.0256 
  0.0416 
  0.0392 
  0.0304 
  0.0215 
  0.0127 
  0.0038 
 -0.0050 
 -0.0139 
 -0.0227 
 -0.0316 
 -0.0404 
 -0.0493 
 -0.0581 
 -0.0670 
 -0.0600 
 -0.0460 
 -0.0320 
 -0.0180 
 -0.0040 
  0.0100 
  0.0240 
  0.0380 
  0.0520 
  0.0660 
  0.0800 
  0.0940 
  0.1080 
  0.1157 
  0.1201 
  0.1244 
  0.1288 
  0.1332 
  0.1375 
  0.1419 
  0.1462 
  0.1506 
  0.1549 
  0.1593 
  0.1636 
  0.1680 
  0.1691 
  0.1682 
  0.1673 
  0.1664 
  0.1655 
  0.1645 
  0.1636 
  0.1627 
  0.1618 
  0.1609 
  0.1600 
  0.1590 
  0.1581 
  0.1548 
  0.1496 
  0.1444 
  0.1392 
  0.1340 
  0.1288 
  0.1237 
  0.1185 
  0.1133 
  0.1081 
  0.1029 
  0.0977 
  0.0925 
  0.0971 
  0.1106 
  0.1241 
  0.1376 
  0.1512 
  0.1647 
  0.1782 
  0.1917 
  0.2053 
  0.2188 
  0.2323 
  0.2458 
  0.2593 
  0.2714 
  0.2820 
  0.2926 
  0.3031 
  0.3137 
  0.3242 
  0.3348 
  0.3454 
  0.3559 
  0.3665 
  0.3770 
  0.3876 
  0.3982 
  0.4057 
  0.4092 
  0.4128 
  0.4163 
  0.4199 
  0.4234 
  0.4270 
  0.4305 
  0.4341 
  0.4376 
  0.4412 
  0.4447 
  0.4483 
  0.4512 
  0.4531 
  0.4551 
  0.4570 
  0.4589 
  0.4609 
  0.4628 
  0.4647 
  0.4667 
  0.4686 
  0.4706 
  0.4725 
  0.4744 
  0.4732 
  0.4659 
  0.4587 
  0.4514 
  0.4442 
  0.4370 
  0.4297 
  0.4225 
  0.4152 
  0.4080 
  0.4008 
  0.3935 
  0.3863 
  0.3757 
  0.3576 
  0.3395 
  0.3213 
  0.3032 
  0.2851 
  0.2670 
  0.2488 
  0.2307 
  0.2126 
  0.1945 
  0.1763 
  0.1582 
  0.1390 
  0.1165 
  0.0941 
  0.0717 
  0.0492 
  0.0268 
  0.0043 
 -0.0181 
 -0.0405 
 -0.0630 
 -0.0854 
 -0.1078 
 -0.1303 
 -0.1491 
 -0.1550 
 -0.1609 
 -0.1668 
 -0.1727 
 -0.1786 
 -0.1845 
 -0.1904 
 -0.1963 
 -0.2022 
 -0.2081 
 -0.2140 
 -0.2199 
 -0.2218 
 -0.2051 
 -0.1884 
 -0.1717 
 -0.1549 
 -0.1382 
 -0.1215 
 -0.1048 
 -0.0880 
 -0.0713 
 -0.0546 
 -0.0379 
 -0.0211 
 -0.0073 
 -0.0124 
 -0.0174 
 -0.0225 
 -0.0276 
 -0.0327 
 -0.0378 
 -0.0429 
 -0.0479 
 -0.0530 
 -0.0581 
 -0.0632 
 -0.0683 
 -0.0729 
 -0.0722 
 -0.0716 
 -0.0710 
 -0.0704 
 -0.0698 
 -0.0692 
 -0.0686 
 -0.0680 
 -0.0674 
 -0.0668 
 -0.0662 
 -0.0656 
 -0.0659 
 -0.0858 
 -0.1057 
 -0.1256 
 -0.1455 
 -0.1655 
 -0.1854 
 -0.2053 
 -0.2252 
 -0.2451 
 -0.2651 
 -0.2850 
 -0.3049 
 -0.3248 


Grid Values Vector 

 -0.1348 
 -0.4285 
 -0.4645 
 -0.4701 
 -0.3390 
 -0.1626 
  0.0458 
 -0.0697 
  0.1129 
  0.1697 
  0.1577 
  0.0900 
  0.2664 
  0.4041 
  0.4504 
  0.4757 
  0.3812 
  0.1448 
 -0.1478 
 -0.2248 
 -0.0066 
 -0.0729 
 -0.0650 
 -0.3248 


Diagonal of Parameters Covariance Matrix 

  0.072 
  0.041 
  0.038 
  0.038 
  0.038 
  0.038 
  0.038 
  0.038 
  0.038 
  0.038 
  0.038 
  0.038 
  0.038 
  0.038 
  0.038 
  0.038 
  0.038 
  0.038 
  0.038 
  0.038 
  0.038 
  0.038 
  0.041 
  0.072 


Sigma Zero : 0.905009 
