+0.0000000E+000 -3.0622359E-001 +6.3060140E-001 -9.3682500E-001
+6.0000000E+000 -1.5301466E-001 +4.7546255E-001 -6.2847721E-001
+1.2000000E+001 +9.8455748E-001 +3.3248800E-001 +6.5206948E-001
+1.8000000E+001 +5.0621364E-001 +2.0121858E-001 +3.0499506E-001
+2.4000000E+001 +1.2118512E+000 +8.1195133E-002 +1.1306561E+000
+3.0000000E+001 +7.0154583E-001 -2.8041510E-002 +7.2958734E-001
+3.6000000E+001 +1.0755506E+000 -1.2695052E-001 +1.2025011E+000
+4.2000000E+001 +4.3429385E-001 -2.1599105E-001 +6.5028490E-001
+4.8000000E+001 -1.5216250E+000 -2.9562229E-001 -1.2260027E+000
+5.4000000E+001 -1.3914418E+000 -3.6630338E-001 -1.0251384E+000
+6.0000000E+001 -7.4235760E-002 -4.2849351E-001 +3.5425775E-001
+6.6000000E+001 -1.4689390E+000 -4.8265183E-001 -9.8628719E-001
+7.2000000E+001 -2.5743479E+000 -5.2923751E-001 -2.0451104E+000
+7.8000000E+001 -6.8913577E-001 -5.6870972E-001 -1.2042605E-001
+8.4000000E+001 -2.1186723E-001 -6.0152763E-001 +3.8966039E-001
+9.0000000E+001 -1.0410134E+000 -6.2815040E-001 -4.1286300E-001
+9.6000000E+001 -3.7496825E-001 -6.4903719E-001 +2.7406894E-001
+1.0200000E+002 -1.1206593E-001 -6.6464718E-001 +5.5258126E-001
+1.0800000E+002 -9.5059852E-001 -6.7543954E-001 -2.7515898E-001
+1.1400000E+002 -2.8883450E-001 -6.8187342E-001 +3.9303892E-001
+1.2000000E+002 -1.3250373E+000 -6.8440799E-001 -6.4062930E-001
+1.2600000E+002 +1.4425160E+000 -6.8350243E-001 +2.1260184E+000
+1.3200000E+002 -1.2844839E+000 -6.7961589E-001 -6.0486800E-001
+1.3800000E+002 -1.3043967E+000 -6.7320755E-001 -6.3118920E-001
+1.4400000E+002 -1.1156504E+000 -6.6473657E-001 -4.5091386E-001
+1.5000000E+002 +1.7832421E+000 -6.5466211E-001 +2.4379043E+000
+1.5600000E+002 +4.9366689E-001 -6.4344335E-001 +1.1371102E+000
+1.6200000E+002 -3.3831063E+000 -6.3153944E-001 -2.7515669E+000
+1.6800000E+002 +2.5406248E-001 -6.1938065E-001 +8.7344313E-001
+1.7400000E+002 +6.1713022E-003 -6.0712549E-001 +6.1329679E-001
+1.8000000E+002 +1.2740651E+000 -5.9478360E-001 +1.8688487E+000
+1.8600000E+002 +9.5842700E-001 -5.8236312E-001 +1.5407901E+000
+1.9200000E+002 -3.7402296E+000 -5.6987215E-001 -3.1703574E+000
+1.9800000E+002 -9.2156603E-001 -5.5731883E-001 -3.6424720E-001
+2.0400000E+002 +1.6145776E+000 -5.4471126E-001 +2.1592888E+000
+2.1000000E+002 -1.1318193E+000 -5.3205758E-001 -5.9976174E-001
+2.1600000E+002 -3.4609574E+000 -5.1936589E-001 -2.9415915E+000
+2.2200000E+002 -2.2732154E+000 -5.0664433E-001 -1.7665710E+000
+2.2800000E+002 -1.8691461E+000 -4.9390102E-001 -1.3752451E+000
+2.3400000E+002 +4.5052966E-001 -4.8114406E-001 +9.3167373E-001
+2.4000000E+002 +1.2849308E+000 -4.6838160E-001 +1.7533124E+000
+2.4600000E+002 +3.3025516E-002 -4.5562173E-001 +4.8864725E-001
+2.5200000E+002 -8.0635783E-001 -4.4287259E-001 -3.6348523E-001
+2.5800000E+002 +3.6548219E-001 -4.3014230E-001 +7.9562449E-001
+2.6400000E+002 -1.0528661E+000 -4.1743897E-001 -6.3542715E-001
+2.7000000E+002 -1.6291232E-001 -4.0477073E-001 +2.4185841E-001
+2.7600000E+002 +4.3375244E-001 -3.9214570E-001 +8.2589814E-001
+2.8200000E+002 +4.3547250E-001 -3.7957200E-001 +8.1504450E-001
+2.8800000E+002 +1.4054554E-001 -3.6705774E-001 +5.0760328E-001
+2.9400000E+002 -1.0527591E+000 -3.5461106E-001 -6.9814806E-001
+3.0000000E+002 -1.1461819E+000 -3.4224007E-001 -8.0394186E-001
+3.0600000E+002 -5.4145436E-001 -3.2995288E-001 -2.1150147E-001
+3.1200000E+002 -6.4028038E-001 -3.1775763E-001 -3.2252274E-001
+3.1800000E+002 -4.4318126E-002 -3.0566243E-001 +2.6134430E-001
+3.2400000E+002 -7.5516217E-001 -2.9367540E-001 -4.6148677E-001
+3.3000000E+002 -8.7432644E-001 -2.8180451E-001 -5.9252193E-001
+3.3600000E+002 -3.2280190E-003 -2.7005314E-001 +2.6682512E-001
+3.4200000E+002 -3.4317208E-001 -2.5841953E-001 -8.4752548E-002
+3.4800000E+002 -8.9533796E-001 -2.4690164E-001 -6.4843631E-001
+3.5400000E+002 +6.3923332E-001 -2.3549745E-001 +8.7473077E-001
+3.6000000E+002 -4.4034993E-001 -2.2420490E-001 -2.1614503E-001
+3.6600000E+002 -3.3482073E-001 -2.1302198E-001 -1.2179876E-001
+3.7200000E+002 -2.4474578E-001 -2.0194663E-001 -4.2799156E-002
+3.7800000E+002 +6.2948033E-001 -1.9097682E-001 +8.2045715E-001
+3.8400000E+002 -1.1236094E-001 -1.8011053E-001 +6.7749589E-002
+3.9000000E+002 -4.7031005E-001 -1.6934570E-001 -3.0096435E-001
+3.9600000E+002 -1.0442294E+000 -1.5868031E-001 -8.8554906E-001
+4.0200000E+002 -1.1338050E+000 -1.4811232E-001 -9.8569268E-001
+4.0800000E+002 +5.6144943E-001 -1.3763969E-001 +6.9908912E-001
+4.1400000E+002 +3.4218705E-001 -1.2726039E-001 +4.6944744E-001
+4.2000000E+002 -1.9077973E-001 -1.1697238E-001 -7.3807356E-002
+4.2600000E+002 -3.3648843E-001 -1.0677362E-001 -2.2971481E-001
+4.3200000E+002 -9.3837371E-002 -9.6662078E-002 +2.8247065E-003
+4.3800000E+002 +1.3840193E-001 -8.6635720E-002 +2.2503765E-001
+4.4400000E+002 +2.6157103E-001 -7.6692508E-002 +3.3826353E-001
+4.5000000E+002 +1.7710955E-001 -6.6830405E-002 +2.4393996E-001
+4.5600000E+002 +1.5865392E+000 -5.7047375E-002 +1.6435865E+000
+4.6200000E+002 -8.5534053E-003 -4.7341383E-002 +3.8787978E-002
+4.6800000E+002 +3.9346604E-001 -3.7710391E-002 +4.3117643E-001
+4.7400000E+002 -2.0573903E-001 -2.8152364E-002 -1.7758667E-001
+4.8000000E+002 +9.5505657E-002 -1.8665265E-002 +1.1417092E-001
+4.8600000E+002 +1.0988666E+000 -9.2470592E-003 +1.1081137E+000
+4.9200000E+002 +1.2059841E+000 +1.0426775E-004 +1.2058798E+000
+4.9800000E+002 +2.1845382E-001 +9.3844201E-003 +2.0906940E-001
+5.0400000E+002 +3.3780945E-001 +1.8574290E-002 +3.1923516E-001
+5.1000000E+002 +5.6550536E-001 +2.7652645E-002 +5.3785272E-001
+5.1600000E+002 +1.0029006E+000 +3.6598254E-002 +9.6630235E-001
+5.2200000E+002 -2.1487562E+000 +4.5389884E-002 -2.1941461E+000
+5.2800000E+002 -1.7883410E+000 +5.4006304E-002 -1.8423473E+000
+5.3400000E+002 -8.1486620E-001 +6.2426281E-002 -8.7729248E-001
+5.4000000E+002 -1.2749258E-001 +7.0628583E-002 -1.9812116E-001
+5.4600000E+002 +3.7446199E-001 +7.8591979E-002 +2.9587001E-001
+5.5200000E+002 -1.4084854E+000 +8.6295236E-002 -1.4947807E+000
+5.5800000E+002 +7.2401128E-001 +9.3717122E-002 +6.3029416E-001
+5.6400000E+002 -2.9278766E+000 +1.0083641E-001 -3.0287130E+000
+5.7000000E+002 -6.6415485E-001 +1.0763185E-001 -7.7178671E-001
+5.7600000E+002 +8.1499365E-001 +1.1408224E-001 +7.0091141E-001
+5.8200000E+002 -2.9078935E-001 +1.2016632E-001 -4.1095567E-001
+5.8800000E+002 +1.7179662E+000 +1.2586287E-001 +1.5921034E+000
+5.9400000E+002 +1.1405645E+000 +1.3115066E-001 +1.0094138E+000
+6.0000000E+002 -1.2384917E-001 +1.3600846E-001 -2.5985762E-001
+6.0600000E+002 +3.2372123E-001 +1.4041503E-001 +1.8330621E-001
+6.1200000E+002 +1.2821330E+000 +1.4434914E-001 +1.1377838E+000
+6.1800000E+002 -1.4498830E+000 +1.4778955E-001 -1.5976725E+000
+6.2400000E+002 -7.7370826E-001 +1.5071505E-001 -9.2442331E-001
+6.3000000E+002 +1.1091777E+000 +1.5310439E-001 +9.5607336E-001
+6.3600000E+002 +1.7972141E+000 +1.5493634E-001 +1.6422778E+000
+6.4200000E+002 -1.1224846E-002 +1.5618968E-001 -1.6741453E-001
+6.4800000E+002 +1.8218822E-001 +1.5684316E-001 +2.5345056E-002
+6.5400000E+002 -1.2424821E-001 +1.5687557E-001 -2.8112378E-001
+6.6000000E+002 +7.6775401E-001 +1.5627477E-001 +6.1147924E-001
+6.6600000E+002 -2.4350860E-001 +1.5507666E-001 -3.9858526E-001
+6.7200000E+002 -5.5971266E-001 +1.5333284E-001 -7.1304550E-001
+6.7800000E+002 -1.3824896E+000 +1.5109491E-001 -1.5335845E+000
+6.8400000E+002 -4.1340774E-001 +1.4841449E-001 -5.6182223E-001
+6.9000000E+002 +4.4604465E-001 +1.4534319E-001 +3.0070146E-001
+6.9600000E+002 +7.9447581E-001 +1.4193262E-001 +6.5254319E-001
+7.0200000E+002 +3.3060572E-001 +1.3823438E-001 +1.9237134E-001
+7.0800000E+002 -1.4671987E-001 +1.3430010E-001 -2.8101997E-001
+7.1400000E+002 -1.3851674E-001 +1.3018138E-001 -2.6869812E-001
+7.2000000E+002 +3.5434905E-001 +1.2592984E-001 +2.2841921E-001
+7.2600000E+002 +2.3117072E-001 +1.2159708E-001 +1.0957364E-001
+7.3200000E+002 -8.5913249E-003 +1.1723471E-001 -1.2582604E-001
+7.3800000E+002 +1.0346966E+000 +1.1289436E-001 +9.2180220E-001
+7.4400000E+002 +7.6084545E-001 +1.0862762E-001 +6.5221784E-001
+7.5000000E+002 +7.6984620E-001 +1.0448611E-001 +6.6536009E-001
+7.5600000E+002 +9.6186969E-001 +1.0052143E-001 +8.6134826E-001
+7.6200000E+002 +1.2372653E+000 +9.6785213E-002 +1.1404801E+000
+7.6800000E+002 +6.9655728E-001 +9.3329054E-002 +6.0322822E-001
+7.7400000E+002 +1.2404394E+000 +9.0204569E-002 +1.1502349E+000
+7.8000000E+002 +6.6976779E-001 +8.7463367E-002 +5.8230443E-001
+7.8600000E+002 -6.1444844E-001 +8.5157060E-002 -6.9960550E-001
+7.9200000E+002 -4.1105750E-001 +8.3337260E-002 -4.9439476E-001
+7.9800000E+002 +1.8122269E-001 +8.2055577E-002 +9.9167112E-002
+8.0400000E+002 -1.3362091E+000 +8.1363622E-002 -1.4175727E+000
+8.1000000E+002 -4.6185227E-001 +8.1313006E-002 -5.4316528E-001
+8.1600000E+002 -2.9412047E-001 +8.1955341E-002 -3.7607581E-001
+8.2200000E+002 -1.3135841E-001 +8.3339003E-002 -2.1469741E-001
+8.2800000E+002 -7.1859567E-002 +8.5470328E-002 -1.5732990E-001
+8.3400000E+002 -5.1388440E-001 +8.8326248E-002 -6.0221065E-001
+8.4000000E+002 -6.5567892E-001 +9.1883092E-002 -7.4756201E-001
+8.4600000E+002 +4.0450664E-001 +9.6117188E-002 +3.0838945E-001
+8.5200000E+002 -9.3160092E-001 +1.0100487E-001 -1.0326058E+000
+8.5800000E+002 -1.0623161E+000 +1.0652246E-001 -1.1688386E+000
+8.6400000E+002 +9.1398727E-001 +1.1264629E-001 +8.0134098E-001
+8.7000000E+002 +9.8858761E-002 +1.1935269E-001 -2.0493926E-002
+8.7600000E+002 +4.9375484E-001 +1.2661798E-001 +3.6713686E-001
+8.8200000E+002 -9.9976570E-002 +1.3441851E-001 -2.3439508E-001
+8.8800000E+002 +4.1888959E-001 +1.4273059E-001 +2.7615900E-001
+8.9400000E+002 +8.5144261E-001 +1.5153056E-001 +6.9991205E-001
+9.0000000E+002 +6.9862450E-001 +1.6079474E-001 +5.3782976E-001
+9.0600000E+002 +5.6122016E-001 +1.7049947E-001 +3.9072069E-001
+9.1200000E+002 -1.6015082E-001 +1.8062107E-001 -3.4077189E-001
+9.1800000E+002 -2.6504050E-001 +1.9113587E-001 -4.5617637E-001
+9.2400000E+002 -7.5317711E-001 +2.0202020E-001 -9.5519731E-001
+9.3000000E+002 +2.7553239E-001 +2.1325039E-001 +6.2281995E-002
+9.3600000E+002 +1.2100161E-001 +2.2480277E-001 -1.0380116E-001
+9.4200000E+002 +5.8296608E-001 +2.3665367E-001 +3.4631241E-001
+9.4800000E+002 +1.6098645E-001 +2.4877942E-001 -8.7792970E-002
+9.5400000E+002 +1.2544536E+000 +2.6115635E-001 +9.9329727E-001
+9.6000000E+002 +1.3625957E+000 +2.7376078E-001 +1.0888349E+000
+9.6600000E+002 -5.1551326E-001 +2.8656904E-001 -8.0208230E-001
+9.7200000E+002 +5.1905717E-001 +2.9955747E-001 +2.1949970E-001
+9.7800000E+002 +1.2651057E+000 +3.1270239E-001 +9.5240327E-001
+9.8400000E+002 -1.7868741E-001 +3.2597998E-001 -5.0466739E-001
+9.9000000E+002 +1.8625462E-001 +3.3935883E-001 -1.5310421E-001
+9.9600000E+002 -7.4157948E-001 +3.5279674E-001 -1.0943762E+000
+1.0020000E+003 -9.6377214E-001 +3.6625062E-001 -1.3300228E+000
+1.0080000E+003 +7.1804047E-001 +3.7967744E-001 +3.3836303E-001
+1.0140000E+003 +6.0218652E-001 +3.9303412E-001 +2.0915240E-001
+1.0200000E+003 +3.8697693E-001 +4.0627762E-001 -1.9300688E-002
+1.0260000E+003 +7.7072398E-001 +4.1936487E-001 +3.5135910E-001
+1.0320000E+003 +1.0517598E+000 +4.3225282E-001 +6.1950703E-001
+1.0380000E+003 +8.2845500E-001 +4.4489841E-001 +3.8355659E-001
+1.0440000E+003 +8.9923606E-001 +4.5725858E-001 +4.4197748E-001
+1.0500000E+003 +8.6260313E-001 +4.6929028E-001 +3.9331285E-001
+1.0560000E+003 +1.2171462E+000 +4.8095044E-001 +7.3619577E-001
+1.0620000E+003 +5.6156071E-001 +4.9219601E-001 +6.9364698E-002
+1.0680000E+003 -7.0533823E-001 +5.0298393E-001 -1.2083222E+000
+1.0740000E+003 +1.2153972E+000 +5.1327114E-001 +7.0212608E-001
+1.0800000E+003 +4.2285916E-001 +5.2301460E-001 -1.0015544E-001
+1.0860000E+003 +1.1162939E+000 +5.3217122E-001 +5.8412264E-001
+1.0920000E+003 -6.0488995E-001 +5.4069797E-001 -1.1455879E+000
+1.0980000E+003 +3.5888539E-001 +5.4855178E-001 -1.8966640E-001
+1.1040000E+003 +2.0737104E-001 +5.5568960E-001 -3.4831855E-001
+1.1100000E+003 -4.5950554E-001 +5.6206836E-001 -1.0215739E+000
+1.1160000E+003 +1.0583601E+000 +5.6764501E-001 +4.9071508E-001
+1.1220000E+003 +5.6124826E-001 +5.7237649E-001 -1.1128238E-002
+1.1280000E+003 +2.4961203E-001 +5.7621975E-001 -3.2660772E-001
+1.1340000E+003 +5.2407227E-001 +5.7913172E-001 -5.5059449E-002
+1.1400000E+003 +1.2854108E+000 +5.8106935E-001 +7.0434141E-001
+1.1460000E+003 +5.3456164E-001 +5.8198959E-001 -4.7427949E-002
+1.1520000E+003 +5.7260108E-001 +5.8186055E-001 -9.2594665E-003
+1.1580000E+003 -1.9926449E-001 +5.8068442E-001 -7.7994891E-001
+1.1640000E+003 +1.5202883E+000 +5.7846987E-001 +9.4181841E-001
+1.1700000E+003 -1.6731483E-001 +5.7522556E-001 -7.4254039E-001
+1.1760000E+003 +1.3394387E+000 +5.7096016E-001 +7.6847851E-001
+1.1820000E+003 -9.5786867E-001 +5.6568233E-001 -1.5235510E+000
+1.1880000E+003 +6.4239835E-001 +5.5940075E-001 +8.2997603E-002
+1.1940000E+003 -3.5809042E-001 +5.5212407E-001 -9.1021448E-001
+1.2000000E+003 +1.2423511E+000 +5.4386096E-001 +6.9849016E-001
+1.2060000E+003 +9.4540670E-001 +5.3462009E-001 +4.1078661E-001
+1.2120000E+003 +8.5273917E-001 +5.2441012E-001 +3.2832905E-001
+1.2180000E+003 +9.6597208E-001 +5.1323973E-001 +4.5273235E-001
+1.2240000E+003 +1.1866718E+000 +5.0111757E-001 +6.8555419E-001
+1.2300000E+003 +6.1633000E-001 +4.8805231E-001 +1.2827769E-001
+1.2360000E+003 +1.5634750E-001 +4.7405262E-001 -3.1770513E-001
+1.2420000E+003 +1.4080183E+000 +4.5912717E-001 +9.4889116E-001
+1.2480000E+003 +1.9725155E+000 +4.4328461E-001 +1.5292309E+000
+1.2540000E+003 -7.4912200E-001 +4.2653362E-001 -1.1756556E+000
+1.2600000E+003 +1.8439989E+000 +4.0888286E-001 +1.4351161E+000
+1.2660000E+003 +1.7526156E+000 +3.9034100E-001 +1.3622746E+000
+1.2720000E+003 +2.7730123E-001 +3.7091670E-001 -9.3615468E-002
+1.2780000E+003 -2.3815419E+000 +3.5061863E-001 -2.7321605E+000
+1.2840000E+003 -2.7236869E+000 +3.2945546E-001 -3.0531424E+000
+1.2900000E+003 -1.1490854E+000 +3.0743584E-001 -1.4565213E+000
+1.2960000E+003 -3.5786816E-001 +2.8456846E-001 -6.4243662E-001
+1.3020000E+003 +9.4965584E-001 +2.6086196E-001 +6.8879387E-001
+1.3080000E+003 +2.1730023E+000 +2.3632503E-001 +1.9366773E+000
+1.3140000E+003 +9.1151677E-001 +2.1097666E-001 +7.0054011E-001
+1.3200000E+003 +1.2643810E+000 +1.8490801E-001 +1.0794729E+000
+1.3260000E+003 +3.0621625E-002 +1.5824094E-001 -1.2761932E-001
+1.3320000E+003 -1.9087933E-001 +1.3109743E-001 -3.2197676E-001
+1.3380000E+003 +3.9862685E-001 +1.0359946E-001 +2.9502739E-001
+1.3440000E+003 -3.0223090E-001 +7.5869001E-002 -3.7809990E-001
+1.3500000E+003 +1.1050710E+000 +4.8028041E-002 +1.0570430E+000
+1.3560000E+003 +4.1896656E-001 +2.0198557E-002 +3.9876800E-001
+1.3620000E+003 +3.7816716E-002 -7.4974720E-003 +4.5314188E-002
+1.3680000E+003 -2.4007304E-001 -3.4938068E-002 -2.0513497E-001
+1.3740000E+003 +2.8356532E-001 -6.2001251E-002 +3.4556657E-001
+1.3800000E+003 -1.9301914E-001 -8.8565042E-002 -1.0445409E-001
+1.3860000E+003 -1.1715776E+000 -1.1450746E-001 -1.0570702E+000
+1.3920000E+003 -5.3842892E-002 -1.3970653E-001 +8.5863641E-002
+1.3980000E+003 -1.3415108E+000 -1.6404027E-001 -1.1774705E+000
+1.4040000E+003 -3.3622217E-001 -1.8738671E-001 -1.4883546E-001
+1.4100000E+003 -2.3954519E-001 -2.0962385E-001 -2.9921333E-002
+1.4160000E+003 -5.2958798E-002 -2.3062973E-001 +1.7767094E-001
+1.4220000E+003 +2.2163157E-002 -2.5028237E-001 +2.7244553E-001
+1.4280000E+003 +4.8456655E-001 -2.6845978E-001 +7.5302633E-001
+1.4340000E+003 -9.6686967E-001 -2.8503999E-001 -6.8182968E-001
+1.4400000E+003 -3.3312158E-001 -2.9990101E-001 -3.3220573E-002
+1.4460000E+003 -1.1500995E-001 -3.1292087E-001 +1.9791092E-001
+1.4520000E+003 -4.1319156E-001 -3.2397760E-001 -8.9213961E-002
+1.4580000E+003 -8.2815229E-001 -3.3294920E-001 -4.9520310E-001
+1.4640000E+003 -7.6020215E-001 -3.3971370E-001 -4.2048845E-001
+1.4700000E+003 -3.0947207E-001 -3.4414913E-001 +3.4677062E-002
+1.4760000E+003 -1.7591269E-001 -3.4613998E-001 +1.7022729E-001
+1.4820000E+003 +3.4070481E-001 -3.4569233E-001 +6.8639715E-001
+1.4880000E+003 +7.4078615E-001 -3.4292021E-001 +1.0837064E+000
+1.4940000E+003 +2.4909250E-002 -3.3794140E-001 +3.6285065E-001
+1.5000000E+003 -1.0061822E+000 -3.3087369E-001 -6.7530847E-001
+1.5060000E+003 -1.0515868E+000 -3.2183486E-001 -7.2975195E-001
+1.5120000E+003 -1.3102558E+000 -3.1094270E-001 -9.9931313E-001
+1.5180000E+003 -7.8100427E-001 -2.9831499E-001 -4.8268929E-001
+1.5240000E+003 -6.2524119E-002 -2.8406951E-001 +2.2154539E-001
+1.5300000E+003 -9.5339861E-001 -2.6832405E-001 -6.8507455E-001
+1.5360000E+003 -1.4521177E+000 -2.5119640E-001 -1.2009213E+000
+1.5420000E+003 -4.5709468E-001 -2.3280434E-001 -2.2429034E-001
+1.5480000E+003 -6.6683245E-002 -2.1326565E-001 +1.4658241E-001
+1.5540000E+003 -5.7919566E-001 -1.9269812E-001 -3.8649754E-001
+1.5600000E+003 -1.9292103E-001 -1.7121954E-001 -2.1701495E-002
+1.5660000E+003 +3.9385606E-001 -1.4894768E-001 +5.4280374E-001
+1.5720000E+003 +1.2828369E+000 -1.2600033E-001 +1.4088372E+000
+1.5780000E+003 +1.4756902E+000 -1.0249528E-001 +1.5781855E+000
+1.5840000E+003 +1.7740340E+000 -7.8550311E-002 +1.8525844E+000
+1.5900000E+003 +1.5794181E+000 -5.4283209E-002 +1.6337013E+000
+1.5960000E+003 +7.9330718E-001 -2.9811757E-002 +8.2311893E-001
+1.6020000E+003 +5.1706517E-001 -5.2537405E-003 +5.2231891E-001
+1.6080000E+003 +3.5194042E-001 +1.9273056E-002 +3.3266736E-001
+1.6140000E+003 -9.0094778E-001 +4.3650848E-002 -9.4459863E-001
+1.6200000E+003 -1.3406212E+000 +6.7761852E-002 -1.4083830E+000
+1.6260000E+003 +7.3374694E-001 +9.1488282E-002 +6.4225865E-001
+1.6320000E+003 +1.8228229E+000 +1.1471235E-001 +1.7081105E+000
+1.6380000E+003 -4.7289439E-001 +1.3731502E-001 -6.1020941E-001
+1.6440000E+003 -1.8530786E+000 +1.5905420E-001 -2.0121328E+000
+1.6500000E+003 -1.1175795E+000 +1.7946323E-001 -1.2970427E+000
+1.6560000E+003 -9.6642409E-001 +1.9805157E-001 -1.1644757E+000
+1.6620000E+003 +3.0018369E-001 +2.1432864E-001 +8.5855051E-002
+1.6680000E+003 +1.7818656E+000 +2.2780391E-001 +1.5540617E+000
+1.6740000E+003 +8.7807340E-001 +2.3798681E-001 +6.4008659E-001
+1.6800000E+003 -3.1190486E-001 +2.4438679E-001 -5.5629165E-001
+1.6860000E+003 -1.7889368E+000 +2.4651330E-001 -2.0354501E+000
+1.6920000E+003 -3.1540360E+000 +2.4387577E-001 -3.3979118E+000
+1.6980000E+003 -1.3083506E+000 +2.3598366E-001 -1.5443343E+000
+1.7040000E+003 +7.4684937E-001 +2.2234640E-001 +5.2450297E-001
+1.7100000E+003 +1.8101865E+000 +2.0247346E-001 +1.6077130E+000
+1.7160000E+003 +1.0801909E+000 +1.7587426E-001 +9.0431660E-001
+1.7220000E+003 -3.4468331E-001 +1.4205825E-001 -4.8674156E-001
+1.7280000E+003 +3.3959416E-002 +1.0053488E-001 -6.6575468E-002
+1.7340000E+003 +1.0144735E+000 +5.0813602E-002 +9.6365993E-001
+1.7400000E+003 +6.9519085E-001 -7.5961519E-003 +7.0278700E-001
+1.7460000E+003 +1.7443903E-001 -7.5184931E-002 +2.4962396E-001
+1.7520000E+003 +6.5056017E-001 -1.5244329E-001 +8.0300347E-001
+1.7580000E+003 +8.2192922E-001 -2.3986179E-001 +1.0617910E+000
+1.7640000E+003 +4.8697203E-001 -3.3793098E-001 +8.2490301E-001
+1.7700000E+003 -4.5581711E-001 -4.4714141E-001 -8.6757035E-003
+1.7760000E+003 -6.0785871E-001 -5.6798365E-001 -3.9875068E-002
+1.7820000E+003 -5.7047222E-001 -7.0094824E-001 +1.3047601E-001
+1.7880000E+003 -1.4448613E+000 -8.4652574E-001 -5.9833556E-001
+1.7940000E+003 -1.8321003E+000 -1.0052067E+000 -8.2689361E-001
+1.8000000E+003 -1.5331223E+000 -1.1774817E+000 -3.5564059E-001
