+0.0000000E+000 -3.0622359E-001 -1.4200018E-001 -1.6422341E-001
+6.0000000E+000 -1.5301466E-001 -1.6501449E-001 +1.1999823E-002
+1.2000000E+001 +9.8455748E-001 -1.8802879E-001 +1.1725863E+000
+1.8000000E+001 +5.0621364E-001 -2.1104309E-001 +7.1725673E-001
+2.4000000E+001 +1.2118512E+000 -2.3405739E-001 +1.4459086E+000
+3.0000000E+001 +7.0154583E-001 -2.5707169E-001 +9.5861751E-001
+3.6000000E+001 +1.0755506E+000 -2.8008599E-001 +1.3556365E+000
+4.2000000E+001 +4.3429385E-001 -3.0310029E-001 +7.3739414E-001
+4.8000000E+001 -1.5216250E+000 -3.2611459E-001 -1.1955104E+000
+5.4000000E+001 -1.3914418E+000 -3.4912889E-001 -1.0423129E+000
+6.0000000E+001 -7.4235760E-002 -3.7214319E-001 +2.9790743E-001
+6.6000000E+001 -1.4689390E+000 -3.9515749E-001 -1.0737815E+000
+7.2000000E+001 -2.5743479E+000 -4.1817179E-001 -2.1561761E+000
+7.8000000E+001 -6.8913577E-001 -4.4118610E-001 -2.4794967E-001
+8.4000000E+001 -2.1186723E-001 -4.4696862E-001 +2.3510139E-001
+9.0000000E+001 -1.0410134E+000 -4.5196788E-001 -5.8904552E-001
+9.6000000E+001 -3.7496825E-001 -4.5696714E-001 +8.1998886E-002
+1.0200000E+002 -1.1206593E-001 -4.6196640E-001 +3.4990048E-001
+1.0800000E+002 -9.5059852E-001 -4.6696566E-001 -4.8363286E-001
+1.1400000E+002 -2.8883450E-001 -4.7196492E-001 +1.8313042E-001
+1.2000000E+002 -1.3250373E+000 -4.7696418E-001 -8.4807311E-001
+1.2600000E+002 +1.4425160E+000 -4.8196344E-001 +1.9244795E+000
+1.3200000E+002 -1.2844839E+000 -4.8696270E-001 -7.9752119E-001
+1.3800000E+002 -1.3043967E+000 -4.9196197E-001 -8.1243478E-001
+1.4400000E+002 -1.1156504E+000 -4.9696123E-001 -6.1868920E-001
+1.5000000E+002 +1.7832421E+000 -5.0196049E-001 +2.2852026E+000
+1.5600000E+002 +4.9366689E-001 -5.0695975E-001 +1.0006266E+000
+1.6200000E+002 -3.3831063E+000 -5.1483650E-001 -2.8682698E+000
+1.6800000E+002 +2.5406248E-001 -5.2298730E-001 +7.7704978E-001
+1.7400000E+002 +6.1713022E-003 -5.3113811E-001 +5.3730941E-001
+1.8000000E+002 +1.2740651E+000 -5.3928891E-001 +1.8133541E+000
+1.8600000E+002 +9.5842700E-001 -5.4743971E-001 +1.5058667E+000
+1.9200000E+002 -3.7402296E+000 -5.5559051E-001 -3.1846391E+000
+1.9800000E+002 -9.2156603E-001 -5.6374131E-001 -3.5782471E-001
+2.0400000E+002 +1.6145776E+000 -5.7189212E-001 +2.1864697E+000
+2.1000000E+002 -1.1318193E+000 -5.8004292E-001 -5.5177640E-001
+2.1600000E+002 -3.4609574E+000 -5.8819372E-001 -2.8727637E+000
+2.2200000E+002 -2.2732154E+000 -5.9634452E-001 -1.6768709E+000
+2.2800000E+002 -1.8691461E+000 -6.0449532E-001 -1.2646508E+000
+2.3400000E+002 +4.5052966E-001 -6.1264612E-001 +1.0631758E+000
+3.6000000E+002 -4.4034993E-001 -2.7046912E-001 -1.6988081E-001
+3.6600000E+002 -3.3482073E-001 -2.5427677E-001 -8.0543966E-002
+3.7200000E+002 -2.4474578E-001 -2.3808441E-001 -6.6613747E-003
+3.7800000E+002 +6.2948033E-001 -2.2189205E-001 +8.5137238E-001
+3.8400000E+002 -1.1236094E-001 -2.0569969E-001 +9.3338757E-002
+3.9000000E+002 -4.7031005E-001 -1.8950734E-001 -2.8080272E-001
+3.9600000E+002 -1.0442294E+000 -1.7249823E-001 -8.7173114E-001
+4.0200000E+002 -1.1338050E+000 -1.5526225E-001 -9.7854275E-001
+4.0800000E+002 +5.6144943E-001 -1.3802627E-001 +6.9947570E-001
+4.1400000E+002 +3.4218705E-001 -1.2079029E-001 +4.6297734E-001
+4.2000000E+002 -1.9077973E-001 -1.0355431E-001 -8.7225417E-002
+4.2600000E+002 -3.3648843E-001 -8.6318334E-002 -2.5017009E-001
+4.3200000E+002 -9.3837371E-002 -6.9082355E-002 -2.4755017E-002
+4.3800000E+002 +1.3840193E-001 -5.1846375E-002 +1.9024830E-001
+4.4400000E+002 +2.6157103E-001 -3.4610396E-002 +2.9618142E-001
+4.5000000E+002 +1.7710955E-001 -1.7374417E-002 +1.9448397E-001
+4.5600000E+002 +1.5865392E+000 -1.3843723E-004 +1.5866776E+000
+4.6200000E+002 -8.5534053E-003 +1.7097542E-002 -2.5650947E-002
+4.6800000E+002 +3.9346604E-001 +3.4333522E-002 +3.5913252E-001
+4.7400000E+002 -2.0573903E-001 +3.2563318E-002 -2.3830235E-001
+4.8000000E+002 +9.5505657E-002 +2.4085051E-002 +7.1420606E-002
+4.8600000E+002 +1.0988666E+000 +1.5606784E-002 +1.0832598E+000
+4.9200000E+002 +1.2059841E+000 +7.1285163E-003 +1.1988556E+000
+4.9800000E+002 +2.1845382E-001 -1.3497511E-003 +2.1980357E-001
+5.0400000E+002 +3.3780945E-001 -9.8280185E-003 +3.4763747E-001
+5.1000000E+002 +5.6550536E-001 -1.8306286E-002 +5.8381165E-001
+5.1600000E+002 +1.0029006E+000 -2.6784553E-002 +1.0296852E+000
+5.2200000E+002 -2.1487562E+000 -3.5262821E-002 -2.1134934E+000
+5.2800000E+002 -1.7883410E+000 -4.3741088E-002 -1.7445999E+000
+5.3400000E+002 -8.1486620E-001 -5.2219355E-002 -7.6264684E-001
+5.4000000E+002 -1.2749258E-001 -6.0697623E-002 -6.6794953E-002
+5.4600000E+002 +3.7446199E-001 -6.9175890E-002 +4.4363788E-001
+5.5200000E+002 -1.4084854E+000 -6.1940548E-002 -1.3465449E+000
+5.5800000E+002 +7.2401128E-001 -4.7830503E-002 +7.7184178E-001
+5.6400000E+002 -2.9278766E+000 -3.3720457E-002 -2.8941562E+000
+5.7000000E+002 -6.6415485E-001 -1.9610411E-002 -6.4454444E-001
+5.7600000E+002 +8.1499365E-001 -5.5003653E-003 +8.2049402E-001
+5.8200000E+002 -2.9078935E-001 +8.6096805E-003 -2.9939903E-001
+5.8800000E+002 +1.7179662E+000 +2.2719726E-002 +1.6952465E+000
+5.9400000E+002 +1.1405645E+000 +3.6829772E-002 +1.1037347E+000
+6.0000000E+002 -1.2384917E-001 +5.0939818E-002 -1.7478898E-001
+6.0600000E+002 +3.2372123E-001 +6.5049864E-002 +2.5867137E-001
+6.1200000E+002 +1.2821330E+000 +7.9159909E-002 +1.2029731E+000
+6.1800000E+002 -1.4498830E+000 +9.3269955E-002 -1.5431529E+000
+6.2400000E+002 -7.7370826E-001 +1.0738000E-001 -8.8108826E-001
+6.3000000E+002 +1.1091777E+000 +1.1514852E-001 +9.9402923E-001
+6.3600000E+002 +1.7972141E+000 +1.1953489E-001 +1.6776792E+000
+6.4200000E+002 -1.1224846E-002 +1.2392125E-001 -1.3514610E-001
+6.4800000E+002 +1.8218822E-001 +1.2830762E-001 +5.3880599E-002
+6.5400000E+002 -1.2424821E-001 +1.3269399E-001 -2.5694220E-001
+6.6000000E+002 +7.6775401E-001 +1.3708036E-001 +6.3067366E-001
+6.6600000E+002 -2.4350860E-001 +1.4146672E-001 -3.8497532E-001
+6.7200000E+002 -5.5971266E-001 +1.4585309E-001 -7.0556575E-001
+6.7800000E+002 -1.3824896E+000 +1.5023946E-001 -1.5327290E+000
+6.8400000E+002 -4.1340774E-001 +1.5462583E-001 -5.6803356E-001
+6.9000000E+002 +4.4604465E-001 +1.5901220E-001 +2.8703245E-001
+6.9600000E+002 +7.9447581E-001 +1.6339856E-001 +6.3107725E-001
+7.0200000E+002 +3.3060572E-001 +1.6778493E-001 +1.6282079E-001
+7.0800000E+002 -1.4671987E-001 +1.6894984E-001 -3.1566971E-001
+7.1400000E+002 -1.3851674E-001 +1.6804382E-001 -3.0656055E-001
+7.2000000E+002 +3.5434905E-001 +1.6713779E-001 +1.8721126E-001
+7.2600000E+002 +2.3117072E-001 +1.6623176E-001 +6.4938960E-002
+7.3200000E+002 -8.5913249E-003 +1.6532574E-001 -1.7391706E-001
+7.3800000E+002 +1.0346966E+000 +1.6441971E-001 +8.7027684E-001
+7.4400000E+002 +7.6084545E-001 +1.6351369E-001 +5.9733177E-001
+7.5000000E+002 +7.6984620E-001 +1.6260766E-001 +6.0723854E-001
+7.5600000E+002 +9.6186969E-001 +1.6170163E-001 +8.0016806E-001
+7.6200000E+002 +1.2372653E+000 +1.6079561E-001 +1.0764697E+000
+7.6800000E+002 +6.9655728E-001 +1.5988958E-001 +5.3666770E-001
+7.7400000E+002 +1.2404394E+000 +1.5898356E-001 +1.0814559E+000
+7.8000000E+002 +6.6976779E-001 +1.5807753E-001 +5.1169026E-001
+7.8600000E+002 -6.1444844E-001 +1.5475142E-001 -7.6919986E-001
+7.9200000E+002 -4.1105750E-001 +1.4956369E-001 -5.6062120E-001
+7.9800000E+002 +1.8122269E-001 +1.4437597E-001 +3.6846717E-002
+8.0400000E+002 -1.3362091E+000 +1.3918825E-001 -1.4753973E+000
+8.1000000E+002 -4.6185227E-001 +1.3400053E-001 -5.9585280E-001
+8.1600000E+002 -2.9412047E-001 +1.2881281E-001 -4.2293328E-001
+8.2200000E+002 -1.3135841E-001 +1.2362509E-001 -2.5498349E-001
+8.2800000E+002 -7.1859567E-002 +1.1843736E-001 -1.9029693E-001
+8.3400000E+002 -5.1388440E-001 +1.1324964E-001 -6.2713405E-001
+8.4000000E+002 -6.5567892E-001 +1.0806192E-001 -7.6374084E-001
+8.4600000E+002 +4.0450664E-001 +1.0287420E-001 +3.0163244E-001
+8.5200000E+002 -9.3160092E-001 +9.7686478E-002 -1.0292874E+000
+8.5800000E+002 -1.0623161E+000 +9.2498757E-002 -1.1548149E+000
+8.6400000E+002 +9.1398727E-001 +9.7074456E-002 +8.1691281E-001
+8.7000000E+002 +9.8858761E-002 +1.1059996E-001 -1.1741196E-002
+8.7600000E+002 +4.9375484E-001 +1.2412546E-001 +3.6962939E-001
+8.8200000E+002 -9.9976570E-002 +1.3765096E-001 -2.3762753E-001
+8.8800000E+002 +4.1888959E-001 +1.5117646E-001 +2.6771313E-001
+8.9400000E+002 +8.5144261E-001 +1.6470196E-001 +6.8674065E-001
+9.0000000E+002 +6.9862450E-001 +1.7822746E-001 +5.2039704E-001
+9.0600000E+002 +5.6122016E-001 +1.9175296E-001 +3.6946720E-001
+9.1200000E+002 -1.6015082E-001 +2.0527846E-001 -3.6542929E-001
+9.1800000E+002 -2.6504050E-001 +2.1880396E-001 -4.8384447E-001
+9.2400000E+002 -7.5317711E-001 +2.3232946E-001 -9.8550657E-001
+9.3000000E+002 +2.7553239E-001 +2.4585497E-001 +2.9677423E-002
+9.3600000E+002 +1.2100161E-001 +2.5938047E-001 -1.3837885E-001
+9.4200000E+002 +5.8296608E-001 +2.7149093E-001 +3.1147515E-001
+9.4800000E+002 +1.6098645E-001 +2.8205773E-001 -1.2107128E-001
+9.5400000E+002 +1.2544536E+000 +2.9262452E-001 +9.6182909E-001
+9.6000000E+002 +1.3625957E+000 +3.0319132E-001 +1.0594044E+000
+9.6600000E+002 -5.1551326E-001 +3.1375811E-001 -8.2927137E-001
+9.7200000E+002 +5.1905717E-001 +3.2432491E-001 +1.9473226E-001
+9.7800000E+002 +1.2651057E+000 +3.3489170E-001 +9.3021396E-001
+9.8400000E+002 -1.7868741E-001 +3.4545850E-001 -5.2414591E-001
+9.9000000E+002 +1.8625462E-001 +3.5602529E-001 -1.6977067E-001
+9.9600000E+002 -7.4157948E-001 +3.6659209E-001 -1.1081716E+000
+1.0020000E+003 -9.6377214E-001 +3.7715888E-001 -1.3409310E+000
+1.0080000E+003 +7.1804047E-001 +3.8772568E-001 +3.3031479E-001
+1.0140000E+003 +6.0218652E-001 +3.9829247E-001 +2.0389404E-001
+1.0200000E+003 +3.8697693E-001 +4.0582065E-001 -1.8843716E-002
+1.0260000E+003 +7.7072398E-001 +4.0939861E-001 +3.6132537E-001
+1.0320000E+003 +1.0517598E+000 +4.1297657E-001 +6.3878328E-001
+1.0380000E+003 +8.2845500E-001 +4.1655453E-001 +4.1190047E-001
+1.0440000E+003 +8.9923606E-001 +4.2013249E-001 +4.7910357E-001
+1.0500000E+003 +8.6260313E-001 +4.2371046E-001 +4.3889267E-001
+1.0560000E+003 +1.2171462E+000 +4.2728842E-001 +7.8985779E-001
+1.0620000E+003 +5.6156071E-001 +4.3086638E-001 +1.3069433E-001
+1.0680000E+003 -7.0533823E-001 +4.3444434E-001 -1.1397826E+000
+1.0740000E+003 +1.2153972E+000 +4.3802231E-001 +7.7737492E-001
+1.0800000E+003 +4.2285916E-001 +4.4160027E-001 -1.8741108E-002
+1.0860000E+003 +1.1162939E+000 +4.4517823E-001 +6.7111563E-001
+1.0920000E+003 -6.0488995E-001 +4.4875619E-001 -1.0536461E+000
+1.0980000E+003 +3.5888539E-001 +4.5172627E-001 -9.2840881E-002
+1.1040000E+003 +2.0737104E-001 +4.5375074E-001 -2.4637970E-001
+1.1100000E+003 -4.5950554E-001 +4.5577521E-001 -9.1528075E-001
+1.1160000E+003 +1.0583601E+000 +4.5779969E-001 +6.0056040E-001
+1.1220000E+003 +5.6124826E-001 +4.5982416E-001 +1.0142409E-001
+1.1280000E+003 +2.4961203E-001 +4.6184864E-001 -2.1223660E-001
+1.1340000E+003 +5.2407227E-001 +4.6387311E-001 +6.0199165E-002
+1.1400000E+003 +1.2854108E+000 +4.6589758E-001 +8.1951319E-001
+1.1460000E+003 +5.3456164E-001 +4.6792206E-001 +6.6639587E-002
+1.1520000E+003 +5.7260108E-001 +4.6994653E-001 +1.0265455E-001
+1.1580000E+003 -1.9926449E-001 +4.7197100E-001 -6.7123550E-001
+1.1640000E+003 +1.5202883E+000 +4.7399548E-001 +1.0462928E+000
+1.1700000E+003 -1.6731483E-001 +4.7601995E-001 -6.4333478E-001
+1.1760000E+003 +1.3394387E+000 +4.7492632E-001 +8.6451235E-001
+1.1820000E+003 -9.5786867E-001 +4.6798625E-001 -1.4258549E+000
+1.1880000E+003 +6.4239835E-001 +4.6104617E-001 +1.8135218E-001
+1.1940000E+003 -3.5809042E-001 +4.5410610E-001 -8.1219651E-001
+1.2000000E+003 +1.2423511E+000 +4.4716602E-001 +7.9518510E-001
+1.2060000E+003 +9.4540670E-001 +4.4022595E-001 +5.0518076E-001
+1.2120000E+003 +8.5273917E-001 +4.3328587E-001 +4.1945330E-001
+1.2180000E+003 +9.6597208E-001 +4.2634580E-001 +5.3962628E-001
+1.2240000E+003 +1.1866718E+000 +4.1940572E-001 +7.6726604E-001
+1.2300000E+003 +6.1633000E-001 +4.1246565E-001 +2.0386435E-001
+1.2360000E+003 +1.5634750E-001 +4.0552557E-001 -2.4917807E-001
+1.2420000E+003 +1.4080183E+000 +3.9858550E-001 +1.0094328E+000
+1.2480000E+003 +1.9725155E+000 +3.9164542E-001 +1.5808701E+000
+1.2540000E+003 -7.4912200E-001 +3.8241476E-001 -1.1315368E+000
+1.2600000E+003 +1.8439989E+000 +3.6794849E-001 +1.4760504E+000
+1.2660000E+003 +1.7526156E+000 +3.5348222E-001 +1.3991334E+000
+1.2720000E+003 +2.7730123E-001 +3.3901594E-001 -6.1714711E-002
+1.2780000E+003 -2.3815419E+000 +3.2454967E-001 -2.7060916E+000
+1.2840000E+003 -2.7236869E+000 +3.1008340E-001 -3.0337703E+000
+1.2900000E+003 -1.1490854E+000 +2.9561712E-001 -1.4447025E+000
+1.2960000E+003 -3.5786816E-001 +2.8115085E-001 -6.3901901E-001
+1.3020000E+003 +9.4965584E-001 +2.6668457E-001 +6.8297126E-001
+1.3080000E+003 +2.1730023E+000 +2.5221830E-001 +1.9207840E+000
+1.6200000E+003 -1.3406212E+000 -1.2741674E-001 -1.2132044E+000
+1.6260000E+003 +7.3374694E-001 -1.3475620E-001 +8.6850314E-001
+1.6320000E+003 +1.8228229E+000 -1.4209567E-001 +1.9649186E+000
+1.6380000E+003 -4.7289439E-001 -1.4943513E-001 -3.2345926E-001
+1.6440000E+003 -1.8530786E+000 -1.5570557E-001 -1.6973730E+000
+1.6500000E+003 -1.1175795E+000 -1.5075132E-001 -9.6682818E-001
+1.6560000E+003 -9.6642409E-001 -1.4579707E-001 -8.2062702E-001
+1.6620000E+003 +3.0018369E-001 -1.4084283E-001 +4.4102652E-001
+1.6680000E+003 +1.7818656E+000 -1.3588858E-001 +1.9177542E+000
+1.6740000E+003 +8.7807340E-001 -1.3093433E-001 +1.0090077E+000
+1.6800000E+003 -3.1190486E-001 -1.2598008E-001 -1.8592478E-001
+1.6860000E+003 -1.7889368E+000 -1.2102583E-001 -1.6679110E+000
+1.6920000E+003 -3.1540360E+000 -1.1607158E-001 -3.0379644E+000
+1.6980000E+003 -1.3083506E+000 -1.1111733E-001 -1.1972333E+000
+1.7040000E+003 +7.4684937E-001 -1.0616308E-001 +8.5301246E-001
+1.7100000E+003 +1.8101865E+000 -1.0120884E-001 +1.9113953E+000
+1.7160000E+003 +1.0801909E+000 -9.6254587E-002 +1.1764454E+000
+1.7220000E+003 -3.4468331E-001 -9.2340069E-002 -2.5234324E-001
+1.7280000E+003 +3.3959416E-002 -1.1129964E-001 +1.4525906E-001
+1.7340000E+003 +1.0144735E+000 -1.3025922E-001 +1.1447327E+000
+1.7400000E+003 +6.9519085E-001 -1.4921879E-001 +8.4440964E-001
+1.7460000E+003 +1.7443903E-001 -1.6817836E-001 +3.4261740E-001
+1.7520000E+003 +6.5056017E-001 -1.8713794E-001 +8.3769811E-001
+1.7580000E+003 +8.2192922E-001 -2.0609751E-001 +1.0280267E+000
+1.7640000E+003 +4.8697203E-001 -2.2505709E-001 +7.1202912E-001
+1.7700000E+003 -4.5581711E-001 -2.4401666E-001 -2.1180045E-001
+1.7760000E+003 -6.0785871E-001 -2.6297623E-001 -3.4488248E-001
+1.7820000E+003 -5.7047222E-001 -2.8193581E-001 -2.8853642E-001
+1.7880000E+003 -1.4448613E+000 -3.0089538E-001 -1.1439659E+000
+1.7940000E+003 -1.8321003E+000 -3.1985496E-001 -1.5122454E+000
+1.8000000E+003 -1.5331223E+000 -3.3881453E-001 -1.1943078E+000
