+0.0000000E+000 -3.0622359E-001 -1.0629576E-001 -1.9992784E-001
+6.0000000E+000 -1.5301466E-001 -1.0645725E-001 -4.6557413E-002
+1.2000000E+001 +9.8455748E-001 -1.0661874E-001 +1.0911762E+000
+1.8000000E+001 +5.0621364E-001 -1.0678023E-001 +6.1299388E-001
+2.4000000E+001 +1.2118512E+000 -1.0694173E-001 +1.3187930E+000
+3.0000000E+001 +7.0154583E-001 -1.0710322E-001 +8.0864905E-001
+3.6000000E+001 +1.0755506E+000 -1.0726471E-001 +1.1828153E+000
+4.2000000E+001 +4.3429385E-001 -1.0742620E-001 +5.4172005E-001
+4.8000000E+001 -1.5216250E+000 -1.0758770E-001 -1.4140373E+000
+5.4000000E+001 -1.3914418E+000 -1.0774919E-001 -1.2836926E+000
+6.0000000E+001 -7.4235760E-002 -1.0791068E-001 +3.3674922E-002
+6.6000000E+001 -1.4689390E+000 -1.0807217E-001 -1.3608668E+000
+7.2000000E+001 -2.5743479E+000 -1.0823367E-001 -2.4661142E+000
+7.8000000E+001 -6.8913577E-001 -1.0839516E-001 -5.8074061E-001
+8.4000000E+001 -2.1186723E-001 -1.0810133E-001 -1.0376590E-001
+9.0000000E+001 -1.0410134E+000 -1.0778681E-001 -9.3322658E-001
+9.6000000E+001 -3.7496825E-001 -1.0747229E-001 -2.6749596E-001
+1.0200000E+002 -1.1206593E-001 -1.0715777E-001 -4.9081586E-003
+1.0800000E+002 -9.5059852E-001 -1.0684325E-001 -8.4375528E-001
+1.1400000E+002 -2.8883450E-001 -1.0652872E-001 -1.8230578E-001
+1.2000000E+002 -1.3250373E+000 -1.0621420E-001 -1.2188231E+000
+1.2600000E+002 +1.4425160E+000 -1.0589968E-001 +1.5484157E+000
+1.3200000E+002 -1.2844839E+000 -1.0558516E-001 -1.1788987E+000
+1.3800000E+002 -1.3043967E+000 -1.0527063E-001 -1.1991261E+000
+1.4400000E+002 -1.1156504E+000 -1.0495611E-001 -1.0106943E+000
+1.5000000E+002 +1.7832421E+000 -1.0464159E-001 +1.8878837E+000
+1.5600000E+002 +4.9366689E-001 -1.0432707E-001 +5.9799396E-001
+1.6200000E+002 -3.3831063E+000 -1.0366628E-001 -3.2794401E+000
+1.6800000E+002 +2.5406248E-001 -1.0297251E-001 +3.5703499E-001
+1.7400000E+002 +6.1713022E-003 -1.0227874E-001 +1.0845004E-001
+1.8000000E+002 +1.2740651E+000 -1.0158497E-001 +1.3756501E+000
+1.8600000E+002 +9.5842700E-001 -1.0089121E-001 +1.0593182E+000
+1.9200000E+002 -3.7402296E+000 -1.0019744E-001 -3.6400321E+000
+1.9800000E+002 -9.2156603E-001 -9.9503669E-002 -8.2206236E-001
+2.0400000E+002 +1.6145776E+000 -9.8809901E-002 +1.7133875E+000
+2.1000000E+002 -1.1318193E+000 -9.8116133E-002 -1.0337032E+000
+2.1600000E+002 -3.4609574E+000 -9.7422365E-002 -3.3635350E+000
+2.2200000E+002 -2.2732154E+000 -9.6728597E-002 -2.1764868E+000
+2.2800000E+002 -1.8691461E+000 -9.6034829E-002 -1.7731113E+000
+2.3400000E+002 +4.5052966E-001 -9.5341060E-002 +5.4587072E-001
+2.4000000E+002 +1.2849308E+000 -9.4249157E-002 +1.3791800E+000
+2.4600000E+002 +3.3025516E-002 -9.3097534E-002 +1.2612305E-001
+2.5200000E+002 -8.0635783E-001 -9.1945911E-002 -7.1441191E-001
+2.5800000E+002 +3.6548219E-001 -9.0794288E-002 +4.5627648E-001
+2.6400000E+002 -1.0528661E+000 -8.9642665E-002 -9.6322346E-001
+2.7000000E+002 -1.6291232E-001 -8.8491042E-002 -7.4421278E-002
+2.7600000E+002 +4.3375244E-001 -8.7339419E-002 +5.2109186E-001
+2.8200000E+002 +4.3547250E-001 -8.6187795E-002 +5.2166029E-001
+2.8800000E+002 +1.4054554E-001 -8.5036172E-002 +2.2558171E-001
+2.9400000E+002 -1.0527591E+000 -8.3884549E-002 -9.6887457E-001
+3.0000000E+002 -1.1461819E+000 -8.2732926E-002 -1.0634490E+000
+3.0600000E+002 -5.4145436E-001 -8.1581303E-002 -4.5987305E-001
+3.1200000E+002 -6.4028038E-001 -8.0429680E-002 -5.5985070E-001
+3.1800000E+002 -4.4318126E-002 -7.9041365E-002 +3.4723239E-002
+3.2400000E+002 -7.5516217E-001 -7.7603221E-002 -6.7755895E-001
+3.3000000E+002 -8.7432644E-001 -7.6165077E-002 -7.9816136E-001
+3.3600000E+002 -3.2280190E-003 -7.4726933E-002 +7.1498914E-002
+3.4200000E+002 -3.4317208E-001 -7.3288788E-002 -2.6988329E-001
+3.4800000E+002 -8.9533796E-001 -7.1850644E-002 -8.2348732E-001
+3.5400000E+002 +6.3923332E-001 -7.0412500E-002 +7.0964582E-001
+3.6000000E+002 -4.4034993E-001 -6.8974356E-002 -3.7137558E-001
+3.6600000E+002 -3.3482073E-001 -6.7536212E-002 -2.6728452E-001
+3.7200000E+002 -2.4474578E-001 -6.6098067E-002 -1.7864772E-001
+3.7800000E+002 +6.2948033E-001 -6.4659923E-002 +6.9414025E-001
+3.8400000E+002 -1.1236094E-001 -6.3221779E-002 -4.9139158E-002
+3.9000000E+002 -4.7031005E-001 -6.1783635E-002 -4.0852642E-001
+3.9600000E+002 -1.0442294E+000 -6.0251209E-002 -9.8397816E-001
+4.0200000E+002 -1.1338050E+000 -5.8692594E-002 -1.0751124E+000
+4.0800000E+002 +5.6144943E-001 -5.7133979E-002 +6.1858341E-001
+4.1400000E+002 +3.4218705E-001 -5.5575365E-002 +3.9776241E-001
+4.2000000E+002 -1.9077973E-001 -5.4016750E-002 -1.3676298E-001
+4.2600000E+002 -3.3648843E-001 -5.2458135E-002 -2.8403029E-001
+4.3200000E+002 -9.3837371E-002 -5.0899520E-002 -4.2937851E-002
+4.3800000E+002 +1.3840193E-001 -4.9340905E-002 +1.8774283E-001
+4.4400000E+002 +2.6157103E-001 -4.7782290E-002 +3.0935332E-001
+4.5000000E+002 +1.7710955E-001 -4.6223675E-002 +2.2333323E-001
+4.5600000E+002 +1.5865392E+000 -4.4665060E-002 +1.6312042E+000
+4.6200000E+002 -8.5534053E-003 -4.3106446E-002 +3.4553040E-002
+4.6800000E+002 +3.9346604E-001 -4.1547831E-002 +4.3501387E-001
+4.7400000E+002 -2.0573903E-001 -4.0197488E-002 -1.6554154E-001
+4.8000000E+002 +9.5505657E-002 -3.8920654E-002 +1.3442631E-001
+4.8600000E+002 +1.0988666E+000 -3.7643819E-002 +1.1365104E+000
+4.9200000E+002 +1.2059841E+000 -3.6366985E-002 +1.2423511E+000
+4.9800000E+002 +2.1845382E-001 -3.5090151E-002 +2.5354397E-001
+5.0400000E+002 +3.3780945E-001 -3.3813316E-002 +3.7162276E-001
+5.1000000E+002 +5.6550536E-001 -3.2536482E-002 +5.9804185E-001
+5.1600000E+002 +1.0029006E+000 -3.1259647E-002 +1.0341603E+000
+5.2200000E+002 -2.1487562E+000 -2.9982813E-002 -2.1187734E+000
+5.2800000E+002 -1.7883410E+000 -2.8705978E-002 -1.7596350E+000
+5.3400000E+002 -8.1486620E-001 -2.7429144E-002 -7.8743706E-001
+5.4000000E+002 -1.2749258E-001 -2.6152309E-002 -1.0134027E-001
+5.4600000E+002 +3.7446199E-001 -2.4875475E-002 +3.9933747E-001
+5.5200000E+002 -1.4084854E+000 -2.3442496E-002 -1.3850429E+000
+5.5800000E+002 +7.2401128E-001 -2.1941204E-002 +7.4595248E-001
+5.6400000E+002 -2.9278766E+000 -2.0439912E-002 -2.9074367E+000
+5.7000000E+002 -6.6415485E-001 -1.8938620E-002 -6.4521623E-001
+5.7600000E+002 +8.1499365E-001 -1.7437328E-002 +8.3243098E-001
+5.8200000E+002 -2.9078935E-001 -1.5936036E-002 -2.7485332E-001
+5.8800000E+002 +1.7179662E+000 -1.4434743E-002 +1.7324010E+000
+5.9400000E+002 +1.1405645E+000 -1.2933451E-002 +1.1534979E+000
+6.0000000E+002 -1.2384917E-001 -1.1432159E-002 -1.1241701E-001
+6.0600000E+002 +3.2372123E-001 -9.9308672E-003 +3.3365210E-001
+6.1200000E+002 +1.2821330E+000 -8.4295751E-003 +1.2905626E+000
+6.1800000E+002 -1.4498830E+000 -6.9282830E-003 -1.4429547E+000
+6.2400000E+002 -7.7370826E-001 -5.4269909E-003 -7.6828127E-001
+6.3000000E+002 +1.1091777E+000 -4.0520089E-003 +1.1132298E+000
+6.3600000E+002 +1.7972141E+000 -2.7443923E-003 +1.7999585E+000
+6.4200000E+002 -1.1224846E-002 -1.4367757E-003 -9.7880703E-003
+6.4800000E+002 +1.8218822E-001 -1.2915915E-004 +1.8231738E-001
+6.5400000E+002 -1.2424821E-001 +1.1784574E-003 -1.2542667E-001
+6.6000000E+002 +7.6775401E-001 +2.4860740E-003 +7.6526794E-001
+6.6600000E+002 -2.4350860E-001 +3.7936906E-003 -2.4730229E-001
+6.7200000E+002 -5.5971266E-001 +5.1013072E-003 -5.6481397E-001
+6.7800000E+002 -1.3824896E+000 +6.4089237E-003 -1.3888985E+000
+6.8400000E+002 -4.1340774E-001 +7.7165403E-003 -4.2112428E-001
+6.9000000E+002 +4.4604465E-001 +9.0241569E-003 +4.3702049E-001
+6.9600000E+002 +7.9447581E-001 +1.0331773E-002 +7.8414404E-001
+7.0200000E+002 +3.3060572E-001 +1.1639390E-002 +3.1896633E-001
+7.0800000E+002 -1.4671987E-001 +1.2825771E-002 -1.5954564E-001
+7.1400000E+002 -1.3851674E-001 +1.3934214E-002 -1.5245095E-001
+7.2000000E+002 +3.5434905E-001 +1.5042658E-002 +3.3930640E-001
+7.2600000E+002 +2.3117072E-001 +1.6151101E-002 +2.1501962E-001
+7.3200000E+002 -8.5913249E-003 +1.7259544E-002 -2.5850869E-002
+7.3800000E+002 +1.0346966E+000 +1.8367988E-002 +1.0163286E+000
+7.4400000E+002 +7.6084545E-001 +1.9476431E-002 +7.4136902E-001
+7.5000000E+002 +7.6984620E-001 +2.0584875E-002 +7.4926132E-001
+7.5600000E+002 +9.6186969E-001 +2.1693318E-002 +9.4017637E-001
+7.6200000E+002 +1.2372653E+000 +2.2801762E-002 +1.2144635E+000
+7.6800000E+002 +6.9655728E-001 +2.3910205E-002 +6.7264707E-001
+7.7400000E+002 +1.2404394E+000 +2.5018648E-002 +1.2154208E+000
+7.8000000E+002 +6.6976779E-001 +2.6127092E-002 +6.4364070E-001
+7.8600000E+002 -6.1444844E-001 +2.7142323E-002 -6.4159077E-001
+7.9200000E+002 -4.1105750E-001 +2.8085852E-002 -4.3914336E-001
+7.9800000E+002 +1.8122269E-001 +2.9029381E-002 +1.5219331E-001
+8.0400000E+002 -1.3362091E+000 +2.9972910E-002 -1.3661820E+000
+8.1000000E+002 -4.6185227E-001 +3.0916440E-002 -4.9276871E-001
+8.1600000E+002 -2.9412047E-001 +3.1859969E-002 -3.2598044E-001
+8.2200000E+002 -1.3135841E-001 +3.2803498E-002 -1.6416191E-001
+8.2800000E+002 -7.1859567E-002 +3.3747027E-002 -1.0560659E-001
+8.3400000E+002 -5.1388440E-001 +3.4690556E-002 -5.4857496E-001
+8.4000000E+002 -6.5567892E-001 +3.5634086E-002 -6.9131300E-001
+8.4600000E+002 +4.0450664E-001 +3.6577615E-002 +3.6792902E-001
+8.5200000E+002 -9.3160092E-001 +3.7521144E-002 -9.6912206E-001
+8.5800000E+002 -1.0623161E+000 +3.8464673E-002 -1.1007808E+000
+8.6400000E+002 +9.1398727E-001 +3.9457998E-002 +8.7452927E-001
+8.7000000E+002 +9.8858761E-002 +4.0496967E-002 +5.8361793E-002
+8.7600000E+002 +4.9375484E-001 +4.1535937E-002 +4.5221891E-001
+8.8200000E+002 -9.9976570E-002 +4.2574907E-002 -1.4255148E-001
+8.8800000E+002 +4.1888959E-001 +4.3613877E-002 +3.7527571E-001
+8.9400000E+002 +8.5144261E-001 +4.4652847E-002 +8.0678976E-001
+9.0000000E+002 +6.9862450E-001 +4.5691816E-002 +6.5293268E-001
+9.0600000E+002 +5.6122016E-001 +4.6730786E-002 +5.1448937E-001
+9.1200000E+002 -1.6015082E-001 +4.7769756E-002 -2.0792058E-001
+9.1800000E+002 -2.6504050E-001 +4.8808726E-002 -3.1384923E-001
+9.2400000E+002 -7.5317711E-001 +4.9847696E-002 -8.0302481E-001
+9.3000000E+002 +2.7553239E-001 +5.0886666E-002 +2.2464572E-001
+9.3600000E+002 +1.2100161E-001 +5.1925635E-002 +6.9075976E-002
+9.4200000E+002 +5.8296608E-001 +5.2850961E-002 +5.3011512E-001
+9.4800000E+002 +1.6098645E-001 +5.3652310E-002 +1.0733414E-001
+9.5400000E+002 +1.2544536E+000 +5.4453660E-002 +1.2000000E+000
+9.6000000E+002 +1.3625957E+000 +5.5255010E-002 +1.3073407E+000
+9.6600000E+002 -5.1551326E-001 +5.6056359E-002 -5.7156961E-001
+9.7200000E+002 +5.1905717E-001 +5.6857709E-002 +4.6219946E-001
+9.7800000E+002 +1.2651057E+000 +5.7659059E-002 +1.2074466E+000
+9.8400000E+002 -1.7868741E-001 +5.8460408E-002 -2.3714782E-001
+9.9000000E+002 +1.8625462E-001 +5.9261758E-002 +1.2699286E-001
+9.9600000E+002 -7.4157948E-001 +6.0063108E-002 -8.0164258E-001
+1.0020000E+003 -9.6377214E-001 +6.0864457E-002 -1.0246366E+000
+1.0080000E+003 +7.1804047E-001 +6.1665807E-002 +6.5637466E-001
+1.0140000E+003 +6.0218652E-001 +6.2467156E-002 +5.3971936E-001
+1.0200000E+003 +3.8697693E-001 +6.3095960E-002 +3.2388097E-001
+1.0260000E+003 +7.7072398E-001 +6.3500452E-002 +7.0722352E-001
+1.0320000E+003 +1.0517598E+000 +6.3904945E-002 +9.8785490E-001
+1.0380000E+003 +8.2845500E-001 +6.4309438E-002 +7.6414556E-001
+1.0440000E+003 +8.9923606E-001 +6.4713931E-002 +8.3452213E-001
+1.0500000E+003 +8.6260313E-001 +6.5118423E-002 +7.9748471E-001
+1.0560000E+003 +1.2171462E+000 +6.5522916E-002 +1.1516233E+000
+1.0620000E+003 +5.6156071E-001 +6.5927409E-002 +4.9563330E-001
+1.0680000E+003 -7.0533823E-001 +6.6331901E-002 -7.7167014E-001
+1.0740000E+003 +1.2153972E+000 +6.6736394E-002 +1.1486608E+000
+1.0800000E+003 +4.2285916E-001 +6.7140887E-002 +3.5571827E-001
+1.0860000E+003 +1.1162939E+000 +6.7545380E-002 +1.0487485E+000
+1.0920000E+003 -6.0488995E-001 +6.7949872E-002 -6.7283982E-001
+1.0980000E+003 +3.5888539E-001 +6.8199509E-002 +2.9068588E-001
+1.1040000E+003 +2.0737104E-001 +6.8208258E-002 +1.3916279E-001
+1.1100000E+003 -4.5950554E-001 +6.8217007E-002 -5.2772255E-001
+1.1160000E+003 +1.0583601E+000 +6.8225756E-002 +9.9013434E-001
+1.1220000E+003 +5.6124826E-001 +6.8234505E-002 +4.9301375E-001
+1.1280000E+003 +2.4961203E-001 +6.8243254E-002 +1.8136878E-001
+1.1340000E+003 +5.2407227E-001 +6.8252003E-002 +4.5582027E-001
+1.1400000E+003 +1.2854108E+000 +6.8260752E-002 +1.2171500E+000
+1.1460000E+003 +5.3456164E-001 +6.8269501E-002 +4.6629214E-001
+1.1520000E+003 +5.7260108E-001 +6.8278250E-002 +5.0432283E-001
+1.1580000E+003 -1.9926449E-001 +6.8286999E-002 -2.6755149E-001
+1.1640000E+003 +1.5202883E+000 +6.8295748E-002 +1.4519925E+000
+1.1700000E+003 -1.6731483E-001 +6.8304497E-002 -2.3561933E-001
+1.1760000E+003 +1.3394387E+000 +6.8146224E-002 +1.2712924E+000
+1.1820000E+003 -9.5786867E-001 +6.7674782E-002 -1.0255435E+000
+1.1880000E+003 +6.4239835E-001 +6.7203341E-002 +5.7519501E-001
+1.1940000E+003 -3.5809042E-001 +6.6731899E-002 -4.2482232E-001
+1.2000000E+003 +1.2423511E+000 +6.6260458E-002 +1.1760907E+000
+1.2060000E+003 +9.4540670E-001 +6.5789016E-002 +8.7961769E-001
+1.2120000E+003 +8.5273917E-001 +6.5317574E-002 +7.8742160E-001
+1.2180000E+003 +9.6597208E-001 +6.4846133E-002 +9.0112595E-001
+1.2240000E+003 +1.1866718E+000 +6.4374691E-002 +1.1222971E+000
+1.2300000E+003 +6.1633000E-001 +6.3903250E-002 +5.5242675E-001
+1.2360000E+003 +1.5634750E-001 +6.3431808E-002 +9.2915688E-002
+1.2420000E+003 +1.4080183E+000 +6.2960367E-002 +1.3450580E+000
+1.2480000E+003 +1.9725155E+000 +6.2488925E-002 +1.9100266E+000
+1.2540000E+003 -7.4912200E-001 +6.1894180E-002 -8.1101618E-001
+1.2600000E+003 +1.8439989E+000 +6.1017600E-002 +1.7829813E+000
+1.2660000E+003 +1.7526156E+000 +6.0141019E-002 +1.6924746E+000
+1.2720000E+003 +2.7730123E-001 +5.9264438E-002 +2.1803679E-001
+1.2780000E+003 -2.3815419E+000 +5.8387858E-002 -2.4399298E+000
+1.2840000E+003 -2.7236869E+000 +5.7511277E-002 -2.7811982E+000
+1.2900000E+003 -1.1490854E+000 +5.6634696E-002 -1.2057201E+000
+1.2960000E+003 -3.5786816E-001 +5.5758115E-002 -4.1362628E-001
+1.3020000E+003 +9.4965584E-001 +5.4881535E-002 +8.9477430E-001
+1.3080000E+003 +2.1730023E+000 +5.4004954E-002 +2.1189974E+000
+1.3140000E+003 +9.1151677E-001 +5.3128373E-002 +8.5838840E-001
+1.3200000E+003 +1.2643810E+000 +5.2251793E-002 +1.2121292E+000
+1.3260000E+003 +3.0621625E-002 +5.1375212E-002 -2.0753587E-002
+1.3320000E+003 -1.9087933E-001 +5.0465213E-002 -2.4134455E-001
+1.3380000E+003 +3.9862685E-001 +4.9460530E-002 +3.4916632E-001
+1.3440000E+003 -3.0223090E-001 +4.8455848E-002 -3.5068674E-001
+1.3500000E+003 +1.1050710E+000 +4.7451165E-002 +1.0576199E+000
+1.3560000E+003 +4.1896656E-001 +4.6446482E-002 +3.7252008E-001
+1.3620000E+003 +3.7816716E-002 +4.5441799E-002 -7.6250832E-003
+1.3680000E+003 -2.4007304E-001 +4.4437116E-002 -2.8451016E-001
+1.3740000E+003 +2.8356532E-001 +4.3432433E-002 +2.4013289E-001
+1.3800000E+003 -1.9301914E-001 +4.2427751E-002 -2.3544689E-001
+1.3860000E+003 -1.1715776E+000 +4.1423068E-002 -1.2130007E+000
+1.3920000E+003 -5.3842892E-002 +4.0418385E-002 -9.4261277E-002
+1.3980000E+003 -1.3415108E+000 +3.9413702E-002 -1.3809245E+000
+1.4040000E+003 -3.3622217E-001 +3.8409019E-002 -3.7463119E-001
+1.4100000E+003 -2.3954519E-001 +3.7472929E-002 -2.7701812E-001
+1.4160000E+003 -5.2958798E-002 +3.6783769E-002 -8.9742566E-002
+1.4220000E+003 +2.2163157E-002 +3.6094609E-002 -1.3931452E-002
+1.4280000E+003 +4.8456655E-001 +3.5405450E-002 +4.4916110E-001
+1.4340000E+003 -9.6686967E-001 +3.4716290E-002 -1.0015860E+000
+1.4400000E+003 -3.3312158E-001 +3.4027131E-002 -3.6714871E-001
+1.4460000E+003 -1.1500995E-001 +3.3337971E-002 -1.4834792E-001
+1.4520000E+003 -4.1319156E-001 +3.2648811E-002 -4.4584037E-001
+1.4580000E+003 -8.2815229E-001 +3.1959652E-002 -8.6011195E-001
+1.4640000E+003 -7.6020215E-001 +3.1270492E-002 -7.9147265E-001
+1.4700000E+003 -3.0947207E-001 +3.0581333E-002 -3.4005340E-001
+1.4760000E+003 -1.7591269E-001 +2.9892173E-002 -2.0580487E-001
+1.4820000E+003 +3.4070481E-001 +2.9203013E-002 +3.1150180E-001
+1.4880000E+003 +7.4078615E-001 +2.8588884E-002 +7.1219727E-001
+1.4940000E+003 +2.4909250E-002 +2.8331145E-002 -3.4218945E-003
+1.5000000E+003 -1.0061822E+000 +2.8073406E-002 -1.0342556E+000
+1.5060000E+003 -1.0515868E+000 +2.7815668E-002 -1.0794025E+000
+1.5120000E+003 -1.3102558E+000 +2.7557929E-002 -1.3378138E+000
+1.5180000E+003 -7.8100427E-001 +2.7300190E-002 -8.0830446E-001
+1.5240000E+003 -6.2524119E-002 +2.7042452E-002 -8.9566571E-002
+1.5300000E+003 -9.5339861E-001 +2.6784713E-002 -9.8018332E-001
+1.5360000E+003 -1.4521177E+000 +2.6526975E-002 -1.4786447E+000
+1.5420000E+003 -4.5709468E-001 +2.6269236E-002 -4.8336392E-001
+1.5480000E+003 -6.6683245E-002 +2.6011497E-002 -9.2694743E-002
+1.5540000E+003 -5.7919566E-001 +2.5753759E-002 -6.0494942E-001
+1.5600000E+003 -1.9292103E-001 +2.5496020E-002 -2.1841705E-001
+1.5660000E+003 +3.9385606E-001 +2.5220129E-002 +3.6863593E-001
+1.5720000E+003 +1.2828369E+000 +2.4823220E-002 +1.2580137E+000
+1.5780000E+003 +1.4756902E+000 +2.4426311E-002 +1.4512639E+000
+1.5840000E+003 +1.7740340E+000 +2.4029403E-002 +1.7500046E+000
+1.5900000E+003 +1.5794181E+000 +2.3632494E-002 +1.5557856E+000
+1.5960000E+003 +7.9330718E-001 +2.3235585E-002 +7.7007159E-001
+1.6020000E+003 +5.1706517E-001 +2.2838676E-002 +4.9422649E-001
+1.6080000E+003 +3.5194042E-001 +2.2441768E-002 +3.2949865E-001
+1.6140000E+003 -9.0094778E-001 +2.2044859E-002 -9.2299264E-001
+1.6200000E+003 -1.3406212E+000 +2.1647950E-002 -1.3622691E+000
+1.6260000E+003 +7.3374694E-001 +2.1251041E-002 +7.1249589E-001
+1.6320000E+003 +1.8228229E+000 +2.0854133E-002 +1.8019688E+000
+1.6380000E+003 -4.7289439E-001 +2.0457224E-002 -4.9335161E-001
+1.6440000E+003 -1.8530786E+000 +2.0072304E-002 -1.8731509E+000
+1.6500000E+003 -1.1175795E+000 +1.9813264E-002 -1.1373928E+000
+1.6560000E+003 -9.6642409E-001 +1.9554224E-002 -9.8597832E-001
+1.6620000E+003 +3.0018369E-001 +1.9295184E-002 +2.8088851E-001
+1.6680000E+003 +1.7818656E+000 +1.9036144E-002 +1.7628295E+000
+1.6740000E+003 +8.7807340E-001 +1.8777104E-002 +8.5929630E-001
+1.6800000E+003 -3.1190486E-001 +1.8518064E-002 -3.3042292E-001
+1.6860000E+003 -1.7889368E+000 +1.8259024E-002 -1.8071958E+000
+1.6920000E+003 -3.1540360E+000 +1.7999985E-002 -3.1720360E+000
+1.6980000E+003 -1.3083506E+000 +1.7740945E-002 -1.3260916E+000
+1.7040000E+003 +7.4684937E-001 +1.7481905E-002 +7.2936747E-001
+1.7100000E+003 +1.8101865E+000 +1.7222865E-002 +1.7929636E+000
+1.7160000E+003 +1.0801909E+000 +1.6963825E-002 +1.0632270E+000
+1.7220000E+003 -3.4468331E-001 +1.6701336E-002 -3.6138465E-001
+1.7280000E+003 +3.3959416E-002 +1.6362952E-002 +1.7596464E-002
+1.7340000E+003 +1.0144735E+000 +1.6024569E-002 +9.9844896E-001
+1.7400000E+003 +6.9519085E-001 +1.5686186E-002 +6.7950466E-001
+1.7460000E+003 +1.7443903E-001 +1.5347802E-002 +1.5909123E-001
+1.7520000E+003 +6.5056017E-001 +1.5009419E-002 +6.3555076E-001
+1.7580000E+003 +8.2192922E-001 +1.4671036E-002 +8.0725819E-001
+1.7640000E+003 +4.8697203E-001 +1.4332653E-002 +4.7263938E-001
+1.7700000E+003 -4.5581711E-001 +1.3994269E-002 -4.6981138E-001
+1.7760000E+003 -6.0785871E-001 +1.3655886E-002 -6.2151460E-001
+1.7820000E+003 -5.7047222E-001 +1.3317503E-002 -5.8378973E-001
+1.7880000E+003 -1.4448613E+000 +1.2979119E-002 -1.4578404E+000
+1.7940000E+003 -1.8321003E+000 +1.2640736E-002 -1.8447411E+000
+1.8000000E+003 -1.5331223E+000 +1.2302353E-002 -1.5454246E+000
