+0.0000000E+000 -3.0622359E-001 -5.7914916E-001 +2.7292557E-001
+6.0000000E+000 -1.5301466E-001 -5.3274548E-001 +3.7973082E-001
+1.2000000E+001 +9.8455748E-001 -4.9169363E-001 +1.4762511E+000
+1.8000000E+001 +5.0621364E-001 -4.5572994E-001 +9.6194358E-001
+2.4000000E+001 +1.2118512E+000 -4.2459075E-001 +1.6364420E+000
+3.0000000E+001 +7.0154583E-001 -3.9801242E-001 +1.0995582E+000
+3.6000000E+001 +1.0755506E+000 -3.7573127E-001 +1.4512818E+000
+4.2000000E+001 +4.3429385E-001 -3.5748366E-001 +7.9177750E-001
+4.8000000E+001 -1.5216250E+000 -3.4300591E-001 -1.1786190E+000
+5.4000000E+001 -1.3914418E+000 -3.3203437E-001 -1.0594074E+000
+6.0000000E+001 -7.4235760E-002 -3.2430539E-001 +2.5006963E-001
+6.6000000E+001 -1.4689390E+000 -3.1955530E-001 -1.1493837E+000
+7.2000000E+001 -2.5743479E+000 -3.1752045E-001 -2.2568274E+000
+7.8000000E+001 -6.8913577E-001 -3.1793717E-001 -3.7119860E-001
+8.4000000E+001 -2.1186723E-001 -3.2054180E-001 +1.0867457E-001
+9.0000000E+001 -1.0410134E+000 -3.2507070E-001 -7.1594270E-001
+9.6000000E+001 -3.7496825E-001 -3.3126019E-001 -4.3708063E-002
+1.0200000E+002 -1.1206593E-001 -3.3884662E-001 +2.2678070E-001
+1.0800000E+002 -9.5059852E-001 -3.4756634E-001 -6.0303219E-001
+1.1400000E+002 -2.8883450E-001 -3.5715567E-001 +6.8321169E-002
+1.2000000E+002 -1.3250373E+000 -3.6735097E-001 -9.5768633E-001
+1.2600000E+002 +1.4425160E+000 -3.7788857E-001 +1.8204046E+000
+1.3200000E+002 -1.2844839E+000 -3.8850481E-001 -8.9597908E-001
+1.3800000E+002 -1.3043967E+000 -3.9893604E-001 -9.0546071E-001
+1.4400000E+002 -1.1156504E+000 -4.0891859E-001 -7.0673183E-001
+1.5000000E+002 +1.7832421E+000 -4.1818882E-001 +2.2014310E+000
+1.5600000E+002 +4.9366689E-001 -4.2648305E-001 +9.2014994E-001
+1.6200000E+002 -3.3831063E+000 -4.3353763E-001 -2.9495687E+000
+1.6800000E+002 +2.5406248E-001 -4.3911043E-001 +6.9317291E-001
+1.7400000E+002 +6.1713022E-003 -4.4316155E-001 +4.4933286E-001
+1.8000000E+002 +1.2740651E+000 -4.4576194E-001 +1.7198271E+000
+1.8600000E+002 +9.5842700E-001 -4.4698366E-001 +1.4054107E+000
+1.9200000E+002 -3.7402296E+000 -4.4689878E-001 -3.2933308E+000
+1.9800000E+002 -9.2156603E-001 -4.4557936E-001 -4.7598667E-001
+2.0400000E+002 +1.6145776E+000 -4.4309746E-001 +2.0576750E+000
+2.1000000E+002 -1.1318193E+000 -4.3952516E-001 -6.9229416E-001
+2.1600000E+002 -3.4609574E+000 -4.3493452E-001 -3.0260229E+000
+2.2200000E+002 -2.2732154E+000 -4.2939760E-001 -1.8438178E+000
+2.2800000E+002 -1.8691461E+000 -4.2298648E-001 -1.4461596E+000
+2.3400000E+002 +4.5052966E-001 -4.1577321E-001 +8.6630288E-001
+3.6000000E+002 -4.4034993E-001 -2.0422272E-001 -2.3612721E-001
+3.6600000E+002 -3.3482073E-001 -1.9601394E-001 -1.3880679E-001
+3.7200000E+002 -2.4474578E-001 -1.8808622E-001 -5.6659560E-002
+3.7800000E+002 +6.2948033E-001 -1.8042265E-001 +8.0990298E-001
+3.8400000E+002 -1.1236094E-001 -1.7300631E-001 +6.0645378E-002
+3.9000000E+002 -4.7031005E-001 -1.6582030E-001 -3.0448976E-001
+3.9600000E+002 -1.0442294E+000 -1.5884768E-001 -8.8538169E-001
+4.0200000E+002 -1.1338050E+000 -1.5207156E-001 -9.8173343E-001
+4.0800000E+002 +5.6144943E-001 -1.4547502E-001 +7.0692446E-001
+4.1400000E+002 +3.4218705E-001 -1.3904115E-001 +4.8122820E-001
+4.2000000E+002 -1.9077973E-001 -1.3275303E-001 -5.8026699E-002
+4.2600000E+002 -3.3648843E-001 -1.2659375E-001 -2.0989468E-001
+4.3200000E+002 -9.3837371E-002 -1.2054640E-001 +2.6709026E-002
+4.3800000E+002 +1.3840193E-001 -1.1459406E-001 +2.5299599E-001
+4.4400000E+002 +2.6157103E-001 -1.0871982E-001 +3.7029084E-001
+4.5000000E+002 +1.7710955E-001 -1.0290676E-001 +2.8001631E-001
+4.5600000E+002 +1.5865392E+000 -9.7137980E-002 +1.6836771E+000
+4.6200000E+002 -8.5534053E-003 -9.1396559E-002 +8.2843153E-002
+4.6800000E+002 +3.9346604E-001 -8.5665584E-002 +4.7913163E-001
+4.7400000E+002 -2.0573903E-001 -7.9928143E-002 -1.2581089E-001
+4.8000000E+002 +9.5505657E-002 -7.4167322E-002 +1.6967298E-001
+4.8600000E+002 +1.0988666E+000 -6.8366208E-002 +1.1672328E+000
+4.9200000E+002 +1.2059841E+000 -6.2507910E-002 +1.2684920E+000
+4.9800000E+002 +2.1845382E-001 -5.6581673E-002 +2.7503549E-001
+5.0400000E+002 +3.3780945E-001 -5.0591153E-002 +3.8840060E-001
+5.1000000E+002 +5.6550536E-001 -4.4542070E-002 +6.1004743E-001
+5.1600000E+002 +1.0029006E+000 -3.8440145E-002 +1.0413408E+000
+5.2200000E+002 -2.1487562E+000 -3.2291098E-002 -2.1164651E+000
+5.2800000E+002 -1.7883410E+000 -2.6100652E-002 -1.7622403E+000
+5.3400000E+002 -8.1486620E-001 -1.9874525E-002 -7.9499167E-001
+5.4000000E+002 -1.2749258E-001 -1.3618441E-002 -1.1387414E-001
+5.4600000E+002 +3.7446199E-001 -7.3381177E-003 +3.8180011E-001
+5.5200000E+002 -1.4084854E+000 -1.0392778E-003 -1.4074462E+000
+5.5800000E+002 +7.2401128E-001 +5.2723583E-003 +7.1873892E-001
+5.6400000E+002 -2.9278766E+000 +1.1591070E-002 -2.9394677E+000
+5.7000000E+002 -6.6415485E-001 +1.7911136E-002 -6.8206599E-001
+5.7600000E+002 +8.1499365E-001 +2.4226836E-002 +7.9076681E-001
+5.8200000E+002 -2.9078935E-001 +3.0532449E-002 -3.2132180E-001
+5.8800000E+002 +1.7179662E+000 +3.6822254E-002 +1.6811440E+000
+5.9400000E+002 +1.1405645E+000 +4.3090530E-002 +1.0974740E+000
+6.0000000E+002 -1.2384917E-001 +4.9331556E-002 -1.7318072E-001
+6.0600000E+002 +3.2372123E-001 +5.5539613E-002 +2.6818162E-001
+6.1200000E+002 +1.2821330E+000 +6.1708978E-002 +1.2204240E+000
+6.1800000E+002 -1.4498830E+000 +6.7833931E-002 -1.5177169E+000
+6.2400000E+002 -7.7370826E-001 +7.3908751E-002 -8.4761701E-001
+6.3000000E+002 +1.1091777E+000 +7.9927717E-002 +1.0292500E+000
+6.3600000E+002 +1.7972141E+000 +8.5885109E-002 +1.7113290E+000
+6.4200000E+002 -1.1224846E-002 +9.1775206E-002 -1.0300005E-001
+6.4800000E+002 +1.8218822E-001 +9.7592287E-002 +8.4595933E-002
+6.5400000E+002 -1.2424821E-001 +1.0333063E-001 -2.2757884E-001
+6.6000000E+002 +7.6775401E-001 +1.0898543E-001 +6.5876858E-001
+6.6600000E+002 -2.4350860E-001 +1.1455670E-001 -3.5806530E-001
+6.7200000E+002 -5.5971266E-001 +1.2004604E-001 -6.7975870E-001
+6.7800000E+002 -1.3824896E+000 +1.2545503E-001 -1.5079446E+000
+6.8400000E+002 -4.1340774E-001 +1.3078528E-001 -5.4419301E-001
+6.9000000E+002 +4.4604465E-001 +1.3603836E-001 +3.1000628E-001
+6.9600000E+002 +7.9447581E-001 +1.4121588E-001 +6.5325993E-001
+7.0200000E+002 +3.3060572E-001 +1.4631944E-001 +1.8428629E-001
+7.0800000E+002 -1.4671987E-001 +1.5135061E-001 -2.9807048E-001
+7.1400000E+002 -1.3851674E-001 +1.5631100E-001 -2.9482773E-001
+7.2000000E+002 +3.5434905E-001 +1.6120219E-001 +1.9314686E-001
+7.2600000E+002 +2.3117072E-001 +1.6602579E-001 +6.5144932E-002
+7.3200000E+002 -8.5913249E-003 +1.7078339E-001 -1.7937471E-001
+7.3800000E+002 +1.0346966E+000 +1.7547657E-001 +8.5921999E-001
+7.4400000E+002 +7.6084545E-001 +1.8010693E-001 +5.8073852E-001
+7.5000000E+002 +7.6984620E-001 +1.8467607E-001 +5.8517013E-001
+7.5600000E+002 +9.6186969E-001 +1.8918557E-001 +7.7268412E-001
+7.6200000E+002 +1.2372653E+000 +1.9363703E-001 +1.0436283E+000
+7.6800000E+002 +6.9655728E-001 +1.9803205E-001 +4.9852523E-001
+7.7400000E+002 +1.2404394E+000 +2.0237222E-001 +1.0380672E+000
+7.8000000E+002 +6.6976779E-001 +2.0665912E-001 +4.6310867E-001
+7.8600000E+002 -6.1444844E-001 +2.1089436E-001 -8.2534280E-001
+7.9200000E+002 -4.1105750E-001 +2.1507952E-001 -6.2613702E-001
+7.9800000E+002 +1.8122269E-001 +2.1921620E-001 -3.7993512E-002
+8.0400000E+002 -1.3362091E+000 +2.2330600E-001 -1.5595151E+000
+8.1000000E+002 -4.6185227E-001 +2.2735049E-001 -6.8920277E-001
+8.1600000E+002 -2.9412047E-001 +2.3135129E-001 -5.2547176E-001
+8.2200000E+002 -1.3135841E-001 +2.3530984E-001 -3.6666825E-001
+8.2800000E+002 -7.1859567E-002 +2.3922576E-001 -3.1108533E-001
+8.3400000E+002 -5.1388440E-001 +2.4309739E-001 -7.5698179E-001
+8.4000000E+002 -6.5567892E-001 +2.4692304E-001 -9.0260196E-001
+8.4600000E+002 +4.0450664E-001 +2.5070102E-001 +1.5380562E-001
+8.5200000E+002 -9.3160092E-001 +2.5442965E-001 -1.1860306E+000
+8.5800000E+002 -1.0623161E+000 +2.5810723E-001 -1.3204233E+000
+8.6400000E+002 +9.1398727E-001 +2.6173208E-001 +6.5225519E-001
+8.7000000E+002 +9.8858761E-002 +2.6530252E-001 -1.6644376E-001
+8.7600000E+002 +4.9375484E-001 +2.6881685E-001 +2.2493800E-001
+8.8200000E+002 -9.9976570E-002 +2.7227338E-001 -3.7224995E-001
+8.8800000E+002 +4.1888959E-001 +2.7567043E-001 +1.4321916E-001
+8.9400000E+002 +8.5144261E-001 +2.7900631E-001 +5.7243630E-001
+9.0000000E+002 +6.9862450E-001 +2.8227933E-001 +4.1634517E-001
+9.0600000E+002 +5.6122016E-001 +2.8548781E-001 +2.7573235E-001
+9.1200000E+002 -1.6015082E-001 +2.8863005E-001 -4.4878088E-001
+9.1800000E+002 -2.6504050E-001 +2.9170437E-001 -5.5674488E-001
+9.2400000E+002 -7.5317711E-001 +2.9470908E-001 -1.0478862E+000
+9.3000000E+002 +2.7553239E-001 +2.9764249E-001 -2.2110107E-002
+9.3600000E+002 +1.2100161E-001 +3.0050292E-001 -1.7950131E-001
+9.4200000E+002 +5.8296608E-001 +3.0328867E-001 +2.7967741E-001
+9.4800000E+002 +1.6098645E-001 +3.0599806E-001 -1.4501161E-001
+9.5400000E+002 +1.2544536E+000 +3.0862941E-001 +9.4582421E-001
+9.6000000E+002 +1.3625957E+000 +3.1118101E-001 +1.0514147E+000
+9.6600000E+002 -5.1551326E-001 +3.1365119E-001 -8.2916444E-001
+9.7200000E+002 +5.1905717E-001 +3.1603825E-001 +2.0301892E-001
+9.7800000E+002 +1.2651057E+000 +3.1834051E-001 +9.4676515E-001
+9.8400000E+002 -1.7868741E-001 +3.2055624E-001 -4.9924365E-001
+9.9000000E+002 +1.8625462E-001 +3.2268155E-001 -1.3642693E-001
+9.9600000E+002 -7.4157948E-001 +3.2470944E-001 -1.0662889E+000
+1.0020000E+003 -9.6377214E-001 +3.2663270E-001 -1.2904048E+000
+1.0080000E+003 +7.1804047E-001 +3.2844411E-001 +3.8959635E-001
+1.0140000E+003 +6.0218652E-001 +3.3013645E-001 +2.7205007E-001
+1.0200000E+003 +3.8697693E-001 +3.3170249E-001 +5.5274438E-002
+1.0260000E+003 +7.7072398E-001 +3.3313502E-001 +4.3758895E-001
+1.0320000E+003 +1.0517598E+000 +3.3442681E-001 +7.1733303E-001
+1.0380000E+003 +8.2845500E-001 +3.3557065E-001 +4.9288435E-001
+1.0440000E+003 +8.9923606E-001 +3.3655931E-001 +5.6267676E-001
+1.0500000E+003 +8.6260313E-001 +3.3738557E-001 +5.2521756E-001
+1.0560000E+003 +1.2171462E+000 +3.3804221E-001 +8.7910400E-001
+1.0620000E+003 +5.6156071E-001 +3.3852201E-001 +2.2303870E-001
+1.0680000E+003 -7.0533823E-001 +3.3881775E-001 -1.0441560E+000
+1.0740000E+003 +1.2153972E+000 +3.3892221E-001 +8.7647502E-001
+1.0800000E+003 +4.2285916E-001 +3.3882816E-001 +8.4031000E-002
+1.0860000E+003 +1.1162939E+000 +3.3852839E-001 +7.7776547E-001
+1.0920000E+003 -6.0488995E-001 +3.3801567E-001 -9.4290562E-001
+1.0980000E+003 +3.5888539E-001 +3.3728279E-001 +2.1602592E-002
+1.1040000E+003 +2.0737104E-001 +3.3632253E-001 -1.2895148E-001
+1.1100000E+003 -4.5950554E-001 +3.3512765E-001 -7.9463319E-001
+1.1160000E+003 +1.0583601E+000 +3.3369095E-001 +7.2466915E-001
+1.1220000E+003 +5.6124826E-001 +3.3200519E-001 +2.2924306E-001
+1.1280000E+003 +2.4961203E-001 +3.3006317E-001 -8.0451135E-002
+1.1340000E+003 +5.2407227E-001 +3.2785765E-001 +1.9621462E-001
+1.1400000E+003 +1.2854108E+000 +3.2538142E-001 +9.6002935E-001
+1.1460000E+003 +5.3456164E-001 +3.2262726E-001 +2.1193438E-001
+1.1520000E+003 +5.7260108E-001 +3.1959349E-001 +2.5300759E-001
+1.1580000E+003 -1.9926449E-001 +3.1629532E-001 -5.1555981E-001
+1.1640000E+003 +1.5202883E+000 +3.1275115E-001 +1.2075371E+000
+1.1700000E+003 -1.6731483E-001 +3.0897942E-001 -4.7629425E-001
+1.1760000E+003 +1.3394387E+000 +3.0499855E-001 +1.0344401E+000
+1.1820000E+003 -9.5786867E-001 +3.0082694E-001 -1.2586956E+000
+1.1880000E+003 +6.4239835E-001 +2.9648301E-001 +3.4591533E-001
+1.1940000E+003 -3.5809042E-001 +2.9198520E-001 -6.5007562E-001
+1.2000000E+003 +1.2423511E+000 +2.8735191E-001 +9.5499920E-001
+1.2060000E+003 +9.4540670E-001 +2.8260157E-001 +6.6280513E-001
+1.2120000E+003 +8.5273917E-001 +2.7775259E-001 +5.7498659E-001
+1.2180000E+003 +9.6597208E-001 +2.7282338E-001 +6.9314869E-001
+1.2240000E+003 +1.1866718E+000 +2.6783238E-001 +9.1883938E-001
+1.2300000E+003 +6.1633000E-001 +2.6279800E-001 +3.5353200E-001
+1.2360000E+003 +1.5634750E-001 +2.5773866E-001 -1.0139116E-001
+1.2420000E+003 +1.4080183E+000 +2.5267277E-001 +1.1553456E+000
+1.2480000E+003 +1.9725155E+000 +2.4761875E-001 +1.7248968E+000
+1.2540000E+003 -7.4912200E-001 +2.4259503E-001 -9.9171703E-001
+1.2600000E+003 +1.8439989E+000 +2.3762002E-001 +1.6063789E+000
+1.2660000E+003 +1.7526156E+000 +2.3271214E-001 +1.5199035E+000
+1.2720000E+003 +2.7730123E-001 +2.2788981E-001 +4.9411420E-002
+1.2780000E+003 -2.3815419E+000 +2.2317145E-001 -2.6047133E+000
+1.2840000E+003 -2.7236869E+000 +2.1857547E-001 -2.9422624E+000
+1.2900000E+003 -1.1490854E+000 +2.1412030E-001 -1.3632057E+000
+1.2960000E+003 -3.5786816E-001 +2.0982435E-001 -5.6769251E-001
+1.3020000E+003 +9.4965584E-001 +2.0570604E-001 +7.4394979E-001
+1.3080000E+003 +2.1730023E+000 +2.0178380E-001 +1.9712185E+000
+1.6200000E+003 -1.3406212E+000 -3.5832081E-001 -9.8230036E-001
+1.6260000E+003 +7.3374694E-001 -3.4142192E-001 +1.0751689E+000
+1.6320000E+003 +1.8228229E+000 -3.2011184E-001 +2.1429347E+000
+1.6380000E+003 -4.7289439E-001 -2.9416745E-001 -1.7872694E-001
+1.6440000E+003 -1.8530786E+000 -2.6371706E-001 -1.5893616E+000
+1.6500000E+003 -1.1175795E+000 -2.2953043E-001 -8.8804907E-001
+1.6560000E+003 -9.6642409E-001 -1.9244558E-001 -7.7397851E-001
+1.6620000E+003 +3.0018369E-001 -1.5330056E-001 +4.5348426E-001
+1.6680000E+003 +1.7818656E+000 -1.1293339E-001 +1.8947990E+000
+1.6740000E+003 +8.7807340E-001 -7.2182088E-002 +9.5025549E-001
+1.6800000E+003 -3.1190486E-001 -3.1884695E-002 -2.8002016E-001
+1.6860000E+003 -1.7889368E+000 +7.1207637E-003 -1.7960576E+000
+1.6920000E+003 -3.1540360E+000 +4.3996259E-002 -3.1980323E+000
+1.6980000E+003 -1.3083506E+000 +7.7903762E-002 -1.3862544E+000
+1.7040000E+003 +7.4684937E-001 +1.0800524E-001 +6.3884413E-001
+1.7100000E+003 +1.8101865E+000 +1.3346268E-001 +1.6767238E+000
+1.7160000E+003 +1.0801909E+000 +1.5343803E-001 +9.2675283E-001
+1.7220000E+003 -3.4468331E-001 +1.6709328E-001 -5.1177659E-001
+1.7280000E+003 +3.3959416E-002 +1.7359039E-001 -1.3963097E-001
+1.7340000E+003 +1.0144735E+000 +1.7209134E-001 +8.4238220E-001
+1.7400000E+003 +6.9519085E-001 +1.6175809E-001 +5.3343276E-001
+1.7460000E+003 +1.7443903E-001 +1.4175262E-001 +3.2686414E-002
+1.7520000E+003 +6.5056017E-001 +1.1123689E-001 +5.3932328E-001
+1.7580000E+003 +8.2192922E-001 +6.9372892E-002 +7.5255633E-001
+1.7640000E+003 +4.8697203E-001 +1.5322580E-002 +4.7164945E-001
+1.7700000E+003 -4.5581711E-001 -5.1752069E-002 -4.0406505E-001
+1.7760000E+003 -6.0785871E-001 -1.3268909E-001 -4.7516963E-001
+1.7820000E+003 -5.7047222E-001 -2.2832650E-001 -3.4214573E-001
+1.7880000E+003 -1.4448613E+000 -3.3950233E-001 -1.1053590E+000
+1.7940000E+003 -1.8321003E+000 -4.6705462E-001 -1.3650457E+000
+1.8000000E+003 -1.5331223E+000 -6.1182139E-001 -9.2130089E-001
