Normal Matrix 

 25.502  12.498   0.000   0.000   0.000 
 12.498  50.004  12.498   0.000   0.000 
  0.000  12.498  50.004  12.498   0.000 
  0.000   0.000  12.498  50.004  12.498 
  0.000   0.000   0.000  12.498  25.502 


Normal Matrix (as stored) 

+2.550E+001 +1.250E+001 
+5.000E+001 +1.250E+001 
+5.000E+001 +1.250E+001 
+5.000E+001 +1.250E+001 
+2.550E+001 +0.000E+000 


Diagonal of Inverse Normal Matrix 

  0.045 
  0.025 
  0.023 
  0.025 
  0.045 


Normal Vector 

-14.2859 
 -8.9171 
 18.7321 
  9.8175 
 -5.3466 


Parameter Vector 

 -0.4876 
 -0.1482 
  0.3669 
  0.1789 
 -0.2973 


Estimated Observation 

 -0.4876 
 -0.4830 
 -0.4785 
 -0.4740 
 -0.4695 
 -0.4649 
 -0.4604 
 -0.4559 
 -0.4514 
 -0.4468 
 -0.4423 
 -0.4378 
 -0.4333 
 -0.4287 
 -0.4242 
 -0.4197 
 -0.4152 
 -0.4106 
 -0.4061 
 -0.4016 
 -0.3971 
 -0.3925 
 -0.3880 
 -0.3835 
 -0.3790 
 -0.3744 
 -0.3699 
 -0.3654 
 -0.3609 
 -0.3563 
 -0.3518 
 -0.3473 
 -0.3428 
 -0.3382 
 -0.3337 
 -0.3292 
 -0.3247 
 -0.3201 
 -0.3156 
 -0.3111 
 -0.3066 
 -0.3020 
 -0.2975 
 -0.2930 
 -0.2885 
 -0.2839 
 -0.2794 
 -0.2749 
 -0.2704 
 -0.2658 
 -0.2613 
 -0.2568 
 -0.2523 
 -0.2477 
 -0.2432 
 -0.2387 
 -0.2342 
 -0.2296 
 -0.2251 
 -0.2206 
 -0.2161 
 -0.2115 
 -0.2070 
 -0.2025 
 -0.1979 
 -0.1934 
 -0.1889 
 -0.1844 
 -0.1798 
 -0.1753 
 -0.1708 
 -0.1663 
 -0.1617 
 -0.1572 
 -0.1527 
 -0.1482 
 -0.1413 
 -0.1344 
 -0.1276 
 -0.1207 
 -0.1138 
 -0.1070 
 -0.1001 
 -0.0932 
 -0.0864 
 -0.0795 
 -0.0726 
 -0.0658 
 -0.0589 
 -0.0520 
 -0.0452 
 -0.0383 
 -0.0314 
 -0.0246 
 -0.0177 
 -0.0108 
 -0.0039 
  0.0029 
  0.0098 
  0.0167 
  0.0235 
  0.0304 
  0.0373 
  0.0441 
  0.0510 
  0.0579 
  0.0647 
  0.0716 
  0.0785 
  0.0853 
  0.0922 
  0.0991 
  0.1059 
  0.1128 
  0.1197 
  0.1265 
  0.1334 
  0.1403 
  0.1471 
  0.1540 
  0.1609 
  0.1677 
  0.1746 
  0.1815 
  0.1884 
  0.1952 
  0.2021 
  0.2090 
  0.2158 
  0.2227 
  0.2296 
  0.2364 
  0.2433 
  0.2502 
  0.2570 
  0.2639 
  0.2708 
  0.2776 
  0.2845 
  0.2914 
  0.2982 
  0.3051 
  0.3120 
  0.3188 
  0.3257 
  0.3326 
  0.3394 
  0.3463 
  0.3532 
  0.3600 
  0.3669 
  0.3644 
  0.3619 
  0.3594 
  0.3569 
  0.3544 
  0.3519 
  0.3494 
  0.3469 
  0.3444 
  0.3419 
  0.3393 
  0.3368 
  0.3343 
  0.3318 
  0.3293 
  0.3268 
  0.3243 
  0.3218 
  0.3193 
  0.3168 
  0.3143 
  0.3118 
  0.3093 
  0.3068 
  0.3043 
  0.3018 
  0.2992 
  0.2967 
  0.2942 
  0.2917 
  0.2892 
  0.2867 
  0.2842 
  0.2817 
  0.2792 
  0.2767 
  0.2742 
  0.2717 
  0.2692 
  0.2667 
  0.2642 
  0.2617 
  0.2591 
  0.2566 
  0.2541 
  0.2516 
  0.2491 
  0.2466 
  0.2441 
  0.2416 
  0.2391 
  0.2366 
  0.2341 
  0.2316 
  0.2291 
  0.2266 
  0.2241 
  0.2216 
  0.2190 
  0.2165 
  0.2140 
  0.2115 
  0.2090 
  0.2065 
  0.2040 
  0.2015 
  0.1990 
  0.1965 
  0.1940 
  0.1915 
  0.1890 
  0.1865 
  0.1840 
  0.1815 
  0.1789 
  0.1726 
  0.1662 
  0.1599 
  0.1535 
  0.1472 
  0.1408 
  0.1345 
  0.1281 
  0.1218 
  0.1154 
  0.1091 
  0.1027 
  0.0964 
  0.0900 
  0.0837 
  0.0773 
  0.0710 
  0.0646 
  0.0583 
  0.0519 
  0.0456 
  0.0392 
  0.0329 
  0.0265 
  0.0202 
  0.0138 
  0.0075 
  0.0011 
 -0.0052 
 -0.0116 
 -0.0179 
 -0.0243 
 -0.0306 
 -0.0370 
 -0.0433 
 -0.0497 
 -0.0560 
 -0.0624 
 -0.0687 
 -0.0751 
 -0.0814 
 -0.0878 
 -0.0941 
 -0.1005 
 -0.1068 
 -0.1132 
 -0.1195 
 -0.1259 
 -0.1322 
 -0.1386 
 -0.1449 
 -0.1513 
 -0.1576 
 -0.1640 
 -0.1703 
 -0.1767 
 -0.1830 
 -0.1894 
 -0.1957 
 -0.2021 
 -0.2084 
 -0.2148 
 -0.2211 
 -0.2275 
 -0.2338 
 -0.2402 
 -0.2465 
 -0.2529 
 -0.2592 
 -0.2656 
 -0.2719 
 -0.2783 
 -0.2846 
 -0.2910 
 -0.2973 


Grid Values Vector 

 -0.4876 
 -0.1482 
  0.3669 
  0.1789 
 -0.2973 


Diagonal of Parameters Covariance Matrix 

  0.043 
  0.024 
  0.022 
  0.024 
  0.043 


Sigma Zero : 0.955785 
