+0.0000000E+000 -3.0622359E-001 -1.3478687E-001 -1.7143672E-001
+6.0000000E+000 -1.5301466E-001 -1.5730559E-001 +4.2909228E-003
+1.2000000E+001 +9.8455748E-001 -1.7982430E-001 +1.1643818E+000
+1.8000000E+001 +5.0621364E-001 -2.0234301E-001 +7.0855665E-001
+2.4000000E+001 +1.2118512E+000 -2.2486172E-001 +1.4367130E+000
+3.0000000E+001 +7.0154583E-001 -2.4738043E-001 +9.4892626E-001
+3.6000000E+001 +1.0755506E+000 -2.6989914E-001 +1.3454497E+000
+4.2000000E+001 +4.3429385E-001 -2.9241786E-001 +7.2671170E-001
+4.8000000E+001 -1.5216250E+000 -3.1493657E-001 -1.2066884E+000
+5.4000000E+001 -1.3914418E+000 -3.3745528E-001 -1.0539865E+000
+6.0000000E+001 -7.4235760E-002 -3.5997399E-001 +2.8573823E-001
+6.6000000E+001 -1.4689390E+000 -3.8249270E-001 -1.0864463E+000
+7.2000000E+001 -2.5743479E+000 -4.0501141E-001 -2.1693365E+000
+7.8000000E+001 -6.8913577E-001 -4.2753013E-001 -2.6160564E-001
+8.4000000E+001 -2.1186723E-001 -4.3114693E-001 +2.1927970E-001
+9.0000000E+001 -1.0410134E+000 -4.3390456E-001 -6.0710884E-001
+9.6000000E+001 -3.7496825E-001 -4.3666218E-001 +6.1693929E-002
+1.0200000E+002 -1.1206593E-001 -4.3941981E-001 +3.2735388E-001
+1.0800000E+002 -9.5059852E-001 -4.4217744E-001 -5.0842108E-001
+1.1400000E+002 -2.8883450E-001 -4.4493506E-001 +1.5610056E-001
+1.2000000E+002 -1.3250373E+000 -4.4769269E-001 -8.7734460E-001
+1.2600000E+002 +1.4425160E+000 -4.5045032E-001 +1.8929663E+000
+1.3200000E+002 -1.2844839E+000 -4.5320794E-001 -8.3127595E-001
+1.3800000E+002 -1.3043967E+000 -4.5596557E-001 -8.4843118E-001
+1.4400000E+002 -1.1156504E+000 -4.5872320E-001 -6.5692723E-001
+1.5000000E+002 +1.7832421E+000 -4.6148082E-001 +2.2447230E+000
+1.5600000E+002 +4.9366689E-001 -4.6423845E-001 +9.5790534E-001
+1.6200000E+002 -3.3831063E+000 -4.6486945E-001 -2.9182369E+000
+1.6800000E+002 +2.5406248E-001 -4.6529791E-001 +7.1936039E-001
+1.7400000E+002 +6.1713022E-003 -4.6572637E-001 +4.7189767E-001
+1.8000000E+002 +1.2740651E+000 -4.6615483E-001 +1.7402200E+000
+1.8600000E+002 +9.5842700E-001 -4.6658330E-001 +1.4250103E+000
+1.9200000E+002 -3.7402296E+000 -4.6701176E-001 -3.2732178E+000
+1.9800000E+002 -9.2156603E-001 -4.6744022E-001 -4.5412581E-001
+2.0400000E+002 +1.6145776E+000 -4.6786868E-001 +2.0824462E+000
+2.1000000E+002 -1.1318193E+000 -4.6829714E-001 -6.6352217E-001
+2.1600000E+002 -3.4609574E+000 -4.6872561E-001 -2.9922318E+000
+2.2200000E+002 -2.2732154E+000 -4.6915407E-001 -1.8040613E+000
+2.2800000E+002 -1.8691461E+000 -4.6958253E-001 -1.3995636E+000
+2.3400000E+002 +4.5052966E-001 -4.7001099E-001 +9.2054065E-001
+2.4000000E+002 +1.2849308E+000 -4.6132662E-001 +1.7462574E+000
+2.4600000E+002 +3.3025516E-002 -4.5127532E-001 +4.8430083E-001
+2.5200000E+002 -8.0635783E-001 -4.4122402E-001 -3.6513381E-001
+2.5800000E+002 +3.6548219E-001 -4.3117271E-001 +7.9665490E-001
+2.6400000E+002 -1.0528661E+000 -4.2112141E-001 -6.3174471E-001
+2.7000000E+002 -1.6291232E-001 -4.1107011E-001 +2.4815779E-001
+2.7600000E+002 +4.3375244E-001 -4.0101881E-001 +8.3477125E-001
+2.8200000E+002 +4.3547250E-001 -3.9096751E-001 +8.2644001E-001
+2.8800000E+002 +1.4054554E-001 -3.8091621E-001 +5.2146175E-001
+2.9400000E+002 -1.0527591E+000 -3.7086491E-001 -6.8189422E-001
+3.0000000E+002 -1.1461819E+000 -3.6081361E-001 -7.8536832E-001
+3.0600000E+002 -5.4145436E-001 -3.5076231E-001 -1.9069205E-001
+3.1200000E+002 -6.4028038E-001 -3.4071100E-001 -2.9956937E-001
+3.1800000E+002 -4.4318126E-002 -3.2779024E-001 +2.8347211E-001
+3.2400000E+002 -7.5516217E-001 -3.1426537E-001 -4.4089680E-001
+3.3000000E+002 -8.7432644E-001 -3.0074050E-001 -5.7358593E-001
+3.3600000E+002 -3.2280190E-003 -2.8721564E-001 +2.8398762E-001
+3.4200000E+002 -3.4317208E-001 -2.7369077E-001 -6.9481306E-002
+3.4800000E+002 -8.9533796E-001 -2.6016591E-001 -6.3517205E-001
+3.5400000E+002 +6.3923332E-001 -2.4664104E-001 +8.8587436E-001
+3.6000000E+002 -4.4034993E-001 -2.3311617E-001 -2.0723376E-001
+3.6600000E+002 -3.3482073E-001 -2.1959131E-001 -1.1522943E-001
+3.7200000E+002 -2.4474578E-001 -2.0606644E-001 -3.8679343E-002
+3.7800000E+002 +6.2948033E-001 -1.9254157E-001 +8.2202190E-001
+3.8400000E+002 -1.1236094E-001 -1.7901671E-001 +6.6655771E-002
+3.9000000E+002 -4.7031005E-001 -1.6549184E-001 -3.0481821E-001
+3.9600000E+002 -1.0442294E+000 -1.5005152E-001 -8.9417785E-001
+4.0200000E+002 -1.1338050E+000 -1.3407913E-001 -9.9972587E-001
+4.0800000E+002 +5.6144943E-001 -1.1810673E-001 +6.7955616E-001
+4.1400000E+002 +3.4218705E-001 -1.0213434E-001 +4.4432139E-001
+4.2000000E+002 -1.9077973E-001 -8.6161943E-002 -1.0461779E-001
+4.2600000E+002 -3.3648843E-001 -7.0189549E-002 -2.6629888E-001
+4.3200000E+002 -9.3837371E-002 -5.4217155E-002 -3.9620216E-002
+4.3800000E+002 +1.3840193E-001 -3.8244761E-002 +1.7664669E-001
+4.4400000E+002 +2.6157103E-001 -2.2272367E-002 +2.8384339E-001
+4.5000000E+002 +1.7710955E-001 -6.2999729E-003 +1.8340952E-001
+4.5600000E+002 +1.5865392E+000 +9.6724211E-003 +1.5768667E+000
+4.6200000E+002 -8.5534053E-003 +2.5644815E-002 -3.4198220E-002
+4.6800000E+002 +3.9346604E-001 +4.1617209E-002 +3.5184883E-001
+4.7400000E+002 -2.0573903E-001 +3.9240224E-002 -2.4497925E-001
+4.8000000E+002 +9.5505657E-002 +3.0386988E-002 +6.5118669E-002
+4.8600000E+002 +1.0988666E+000 +2.1533751E-002 +1.0773329E+000
+4.9200000E+002 +1.2059841E+000 +1.2680515E-002 +1.1933036E+000
+4.9800000E+002 +2.1845382E-001 +3.8272788E-003 +2.1462654E-001
+5.0400000E+002 +3.3780945E-001 -5.0259576E-003 +3.4283541E-001
+5.1000000E+002 +5.6550536E-001 -1.3879194E-002 +5.7938456E-001
+5.1600000E+002 +1.0029006E+000 -2.2732430E-002 +1.0256330E+000
+5.2200000E+002 -2.1487562E+000 -3.1585667E-002 -2.1171706E+000
+5.2800000E+002 -1.7883410E+000 -4.0438903E-002 -1.7479020E+000
+5.3400000E+002 -8.1486620E-001 -4.9292139E-002 -7.6557406E-001
+5.4000000E+002 -1.2749258E-001 -5.8145376E-002 -6.9347200E-002
+5.4600000E+002 +3.7446199E-001 -6.6998612E-002 +4.4146061E-001
+5.5200000E+002 -1.4084854E+000 -5.9954799E-002 -1.3485306E+000
+5.5800000E+002 +7.2401128E-001 -4.5956026E-002 +7.6996730E-001
+5.6400000E+002 -2.9278766E+000 -3.1957253E-002 -2.8959194E+000
+5.7000000E+002 -6.6415485E-001 -1.7958481E-002 -6.4619637E-001
+5.7600000E+002 +8.1499365E-001 -3.9597081E-003 +8.1895336E-001
+5.8200000E+002 -2.9078935E-001 +1.0039065E-002 -3.0082842E-001
+5.8800000E+002 +1.7179662E+000 +2.4037837E-002 +1.6939284E+000
+5.9400000E+002 +1.1405645E+000 +3.8036610E-002 +1.1025279E+000
+6.0000000E+002 -1.2384917E-001 +5.2035383E-002 -1.7588455E-001
+6.0600000E+002 +3.2372123E-001 +6.6034155E-002 +2.5768708E-001
+6.1200000E+002 +1.2821330E+000 +8.0032928E-002 +1.2021001E+000
+6.1800000E+002 -1.4498830E+000 +9.4031701E-002 -1.5439147E+000
+6.2400000E+002 -7.7370826E-001 +1.0803047E-001 -8.8173873E-001
+6.3000000E+002 +1.1091777E+000 +1.1573872E-001 +9.9343903E-001
+6.3600000E+002 +1.7972141E+000 +1.2009202E-001 +1.6771221E+000
+6.4200000E+002 -1.1224846E-002 +1.2444532E-001 -1.3567017E-001
+6.4800000E+002 +1.8218822E-001 +1.2879862E-001 +5.3389599E-002
+6.5400000E+002 -1.2424821E-001 +1.3315192E-001 -2.5740014E-001
+6.6000000E+002 +7.6775401E-001 +1.3750522E-001 +6.3024879E-001
+6.6600000E+002 -2.4350860E-001 +1.4185852E-001 -3.8536712E-001
+6.7200000E+002 -5.5971266E-001 +1.4621182E-001 -7.0592448E-001
+6.7800000E+002 -1.3824896E+000 +1.5056512E-001 -1.5330547E+000
+6.8400000E+002 -4.1340774E-001 +1.5491842E-001 -5.6832616E-001
+6.9000000E+002 +4.4604465E-001 +1.5927172E-001 +2.8677292E-001
+6.9600000E+002 +7.9447581E-001 +1.6362502E-001 +6.3085079E-001
+7.0200000E+002 +3.3060572E-001 +1.6797832E-001 +1.6262740E-001
+7.0800000E+002 -1.4671987E-001 +1.6912421E-001 -3.1584408E-001
+7.1400000E+002 -1.3851674E-001 +1.6820819E-001 -3.0672492E-001
+7.2000000E+002 +3.5434905E-001 +1.6729216E-001 +1.8705689E-001
+7.2600000E+002 +2.3117072E-001 +1.6637614E-001 +6.4794582E-002
+7.3200000E+002 -8.5913249E-003 +1.6546012E-001 -1.7405144E-001
+7.3800000E+002 +1.0346966E+000 +1.6454410E-001 +8.7015246E-001
+7.4400000E+002 +7.6084545E-001 +1.6362808E-001 +5.9721738E-001
+7.5000000E+002 +7.6984620E-001 +1.6271205E-001 +6.0713415E-001
+7.5600000E+002 +9.6186969E-001 +1.6179603E-001 +8.0007366E-001
+7.6200000E+002 +1.2372653E+000 +1.6088001E-001 +1.0763853E+000
+7.6800000E+002 +6.9655728E-001 +1.5996399E-001 +5.3659329E-001
+7.7400000E+002 +1.2404394E+000 +1.5904796E-001 +1.0813915E+000
+7.8000000E+002 +6.6976779E-001 +1.5813194E-001 +5.1163585E-001
+7.8600000E+002 -6.1444844E-001 +1.5479945E-001 -7.6924789E-001
+7.9200000E+002 -4.1105750E-001 +1.4960813E-001 -5.6066564E-001
+7.9800000E+002 +1.8122269E-001 +1.4441682E-001 +3.6805872E-002
+8.0400000E+002 -1.3362091E+000 +1.3922550E-001 -1.4754346E+000
+8.1000000E+002 -4.6185227E-001 +1.3403418E-001 -5.9588646E-001
+8.1600000E+002 -2.9412047E-001 +1.2884287E-001 -4.2296334E-001
+8.2200000E+002 -1.3135841E-001 +1.2365155E-001 -2.5500996E-001
+8.2800000E+002 -7.1859567E-002 +1.1846024E-001 -1.9031980E-001
+8.3400000E+002 -5.1388440E-001 +1.1326892E-001 -6.2715333E-001
+8.4000000E+002 -6.5567892E-001 +1.0807760E-001 -7.6375652E-001
+8.4600000E+002 +4.0450664E-001 +1.0288629E-001 +3.0162035E-001
+8.5200000E+002 -9.3160092E-001 +9.7694972E-002 -1.0292959E+000
+8.5800000E+002 -1.0623161E+000 +9.2503656E-002 -1.1548198E+000
+8.6400000E+002 +9.1398727E-001 +9.7075972E-002 +8.1691130E-001
+8.7000000E+002 +9.8858761E-002 +1.1059829E-001 -1.1739525E-002
+8.7600000E+002 +4.9375484E-001 +1.2412060E-001 +3.6963424E-001
+8.8200000E+002 -9.9976570E-002 +1.3764291E-001 -2.3761948E-001
+8.8800000E+002 +4.1888959E-001 +1.5116522E-001 +2.6772437E-001
+8.9400000E+002 +8.5144261E-001 +1.6468754E-001 +6.8675507E-001
+9.0000000E+002 +6.9862450E-001 +1.7820985E-001 +5.2041465E-001
+9.0600000E+002 +5.6122016E-001 +1.9173216E-001 +3.6948799E-001
+9.1200000E+002 -1.6015082E-001 +2.0525448E-001 -3.6540530E-001
+9.1800000E+002 -2.6504050E-001 +2.1877679E-001 -4.8381729E-001
+9.2400000E+002 -7.5317711E-001 +2.3229910E-001 -9.8547621E-001
+9.3000000E+002 +2.7553239E-001 +2.4582141E-001 +2.9710973E-002
+9.3600000E+002 +1.2100161E-001 +2.5934373E-001 -1.3834212E-001
+9.4200000E+002 +5.8296608E-001 +2.7144866E-001 +3.1151743E-001
+9.4800000E+002 +1.6098645E-001 +2.8200735E-001 -1.2102090E-001
+9.5400000E+002 +1.2544536E+000 +2.9256605E-001 +9.6188757E-001
+9.6000000E+002 +1.3625957E+000 +3.0312475E-001 +1.0594709E+000
+9.6600000E+002 -5.1551326E-001 +3.1368344E-001 -8.2919670E-001
+9.7200000E+002 +5.1905717E-001 +3.2424214E-001 +1.9481503E-001
+9.7800000E+002 +1.2651057E+000 +3.3480084E-001 +9.3030483E-001
+9.8400000E+002 -1.7868741E-001 +3.4535953E-001 -5.2404694E-001
+9.9000000E+002 +1.8625462E-001 +3.5591823E-001 -1.6966361E-001
+9.9600000E+002 -7.4157948E-001 +3.6647693E-001 -1.1080564E+000
+1.0020000E+003 -9.6377214E-001 +3.7703562E-001 -1.3408078E+000
+1.0080000E+003 +7.1804047E-001 +3.8759432E-001 +3.3044615E-001
+1.0140000E+003 +6.0218652E-001 +3.9815302E-001 +2.0403350E-001
+1.0200000E+003 +3.8697693E-001 +4.0566508E-001 -1.8688151E-002
+1.0260000E+003 +7.7072398E-001 +4.0921653E-001 +3.6150745E-001
+1.0320000E+003 +1.0517598E+000 +4.1276797E-001 +6.3899187E-001
+1.0380000E+003 +8.2845500E-001 +4.1631942E-001 +4.1213558E-001
+1.0440000E+003 +8.9923606E-001 +4.1987087E-001 +4.7936520E-001
+1.0500000E+003 +8.6260313E-001 +4.2342231E-001 +4.3918082E-001
+1.0560000E+003 +1.2171462E+000 +4.2697376E-001 +7.9017245E-001
+1.0620000E+003 +5.6156071E-001 +4.3052520E-001 +1.3103550E-001
+1.0680000E+003 -7.0533823E-001 +4.3407665E-001 -1.1394149E+000
+1.0740000E+003 +1.2153972E+000 +4.3762810E-001 +7.7776913E-001
+1.0800000E+003 +4.2285916E-001 +4.4117954E-001 -1.8320383E-002
+1.0860000E+003 +1.1162939E+000 +4.4473099E-001 +6.7156287E-001
+1.0920000E+003 -6.0488995E-001 +4.4828243E-001 -1.0531724E+000
+1.0980000E+003 +3.5888539E-001 +4.5120148E-001 -9.2316098E-002
+1.1040000E+003 +2.0737104E-001 +4.5313681E-001 -2.4576576E-001
+1.1100000E+003 -4.5950554E-001 +4.5507213E-001 -9.1457767E-001
+1.1160000E+003 +1.0583601E+000 +4.5700745E-001 +6.0135264E-001
+1.1220000E+003 +5.6124826E-001 +4.5894277E-001 +1.0230548E-001
+1.1280000E+003 +2.4961203E-001 +4.6087810E-001 -2.1126606E-001
+1.1340000E+003 +5.2407227E-001 +4.6281342E-001 +6.1258856E-002
+1.1400000E+003 +1.2854108E+000 +4.6474874E-001 +8.2066203E-001
+1.1460000E+003 +5.3456164E-001 +4.6668406E-001 +6.7877581E-002
+1.1520000E+003 +5.7260108E-001 +4.6861938E-001 +1.0398170E-001
+1.1580000E+003 -1.9926449E-001 +4.7055471E-001 -6.6981920E-001
+1.1640000E+003 +1.5202883E+000 +4.7249003E-001 +1.0477983E+000
+1.1700000E+003 -1.6731483E-001 +4.7442535E-001 -6.4174018E-001
+1.1760000E+003 +1.3394387E+000 +4.7316908E-001 +8.6626959E-001
+1.1820000E+003 -9.5786867E-001 +4.6592858E-001 -1.4237972E+000
+1.1880000E+003 +6.4239835E-001 +4.5868807E-001 +1.8371028E-001
+1.1940000E+003 -3.5809042E-001 +4.5144757E-001 -8.0953799E-001
+1.2000000E+003 +1.2423511E+000 +4.4420706E-001 +7.9814405E-001
+1.2060000E+003 +9.4540670E-001 +4.3696656E-001 +5.0844014E-001
+1.2120000E+003 +8.5273917E-001 +4.2972605E-001 +4.2301312E-001
+1.2180000E+003 +9.6597208E-001 +4.2248555E-001 +5.4348653E-001
+1.2240000E+003 +1.1866718E+000 +4.1524505E-001 +7.7142671E-001
+1.2300000E+003 +6.1633000E-001 +4.0800454E-001 +2.0832546E-001
+1.2360000E+003 +1.5634750E-001 +4.0076404E-001 -2.4441654E-001
+1.2420000E+003 +1.4080183E+000 +3.9352353E-001 +1.0144948E+000
+1.2480000E+003 +1.9725155E+000 +3.8628303E-001 +1.5862325E+000
+1.2540000E+003 -7.4912200E-001 +3.7572932E-001 -1.1248513E+000
+1.2600000E+003 +1.8439989E+000 +3.5760260E-001 +1.4863963E+000
+1.2660000E+003 +1.7526156E+000 +3.3947587E-001 +1.4131397E+000
+1.2720000E+003 +2.7730123E-001 +3.2134915E-001 -4.4047917E-002
+1.2780000E+003 -2.3815419E+000 +3.0322242E-001 -2.6847643E+000
+1.2840000E+003 -2.7236869E+000 +2.8509570E-001 -3.0087826E+000
+1.2900000E+003 -1.1490854E+000 +2.6696897E-001 -1.4160544E+000
+1.2960000E+003 -3.5786816E-001 +2.4884225E-001 -6.0671041E-001
+1.3020000E+003 +9.4965584E-001 +2.3071552E-001 +7.1894031E-001
+1.3080000E+003 +2.1730023E+000 +2.1258880E-001 +1.9604135E+000
+1.3140000E+003 +9.1151677E-001 +1.9446207E-001 +7.1705470E-001
+1.3200000E+003 +1.2643810E+000 +1.7633535E-001 +1.0880456E+000
+1.3260000E+003 +3.0621625E-002 +1.5820862E-001 -1.2758700E-001
+1.3320000E+003 -1.9087933E-001 +1.3895794E-001 -3.2983727E-001
+1.3380000E+003 +3.9862685E-001 +1.1652272E-001 +2.8210413E-001
+1.3440000E+003 -3.0223090E-001 +9.4087493E-002 -3.9631839E-001
+1.3500000E+003 +1.1050710E+000 +7.1652269E-002 +1.0334188E+000
+1.3560000E+003 +4.1896656E-001 +4.9217045E-002 +3.6974952E-001
+1.3620000E+003 +3.7816716E-002 +2.6781821E-002 +1.1034895E-002
+1.3680000E+003 -2.4007304E-001 +4.3465977E-003 -2.4441964E-001
+1.3740000E+003 +2.8356532E-001 -1.8088626E-002 +3.0165395E-001
+1.3800000E+003 -1.9301914E-001 -4.0523850E-002 -1.5249529E-001
+1.3860000E+003 -1.1715776E+000 -6.2959073E-002 -1.1086185E+000
+1.3920000E+003 -5.3842892E-002 -8.5394297E-002 +3.1551405E-002
+1.3980000E+003 -1.3415108E+000 -1.0782952E-001 -1.2336813E+000
+1.4040000E+003 -3.3622217E-001 -1.3026474E-001 -2.0595742E-001
+1.4100000E+003 -2.3954519E-001 -1.4910491E-001 -9.0440274E-002
+1.4160000E+003 -5.2958798E-002 -1.5500288E-001 +1.0204408E-001
+1.4220000E+003 +2.2163157E-002 -1.6090085E-001 +1.8306400E-001
+1.4280000E+003 +4.8456655E-001 -1.6679881E-001 +6.5136536E-001
+1.4340000E+003 -9.6686967E-001 -1.7269678E-001 -7.9417289E-001
+1.4400000E+003 -3.3312158E-001 -1.7859474E-001 -1.5452684E-001
+1.4460000E+003 -1.1500995E-001 -1.8449271E-001 +6.9482758E-002
+1.4520000E+003 -4.1319156E-001 -1.9039068E-001 -2.2280088E-001
+1.4580000E+003 -8.2815229E-001 -1.9628864E-001 -6.3186365E-001
+1.4640000E+003 -7.6020215E-001 -2.0218661E-001 -5.5801554E-001
+1.4700000E+003 -3.0947207E-001 -2.0808458E-001 -1.0138749E-001
+1.4760000E+003 -1.7591269E-001 -2.1398254E-001 +3.8069849E-002
+1.4820000E+003 +3.4070481E-001 -2.1988051E-001 +5.6058532E-001
+1.4880000E+003 +7.4078615E-001 -2.2184412E-001 +9.6263027E-001
+1.4940000E+003 +2.4909250E-002 -2.0511953E-001 +2.3002878E-001
+1.5000000E+003 -1.0061822E+000 -1.8839494E-001 -8.1778722E-001
+1.5060000E+003 -1.0515868E+000 -1.7167035E-001 -8.7991647E-001
+1.5120000E+003 -1.3102558E+000 -1.5494576E-001 -1.1553101E+000
+1.5180000E+003 -7.8100427E-001 -1.3822116E-001 -6.4278311E-001
+1.5240000E+003 -6.2524119E-002 -1.2149657E-001 +5.8972455E-002
+1.5300000E+003 -9.5339861E-001 -1.0477198E-001 -8.4862663E-001
+1.5360000E+003 -1.4521177E+000 -8.8047392E-002 -1.3640703E+000
+1.5420000E+003 -4.5709468E-001 -7.1322801E-002 -3.8577188E-001
+1.5480000E+003 -6.6683245E-002 -5.4598210E-002 -1.2085035E-002
+1.5540000E+003 -5.7919566E-001 -3.7873619E-002 -5.4132204E-001
+1.5600000E+003 -1.9292103E-001 -2.1149028E-002 -1.7177200E-001
+1.5660000E+003 +3.9385606E-001 -7.2689442E-003 +4.0112500E-001
+1.5720000E+003 +1.2828369E+000 -1.2352239E-002 +1.2951892E+000
+1.5780000E+003 +1.4756902E+000 -1.7435533E-002 +1.4931258E+000
+1.5840000E+003 +1.7740340E+000 -2.2518827E-002 +1.7965529E+000
+1.5900000E+003 +1.5794181E+000 -2.7602122E-002 +1.6070202E+000
+1.5960000E+003 +7.9330718E-001 -3.2685416E-002 +8.2599259E-001
+1.6020000E+003 +5.1706517E-001 -3.7768710E-002 +5.5483388E-001
+1.6080000E+003 +3.5194042E-001 -4.2852005E-002 +3.9479242E-001
+1.6140000E+003 -9.0094778E-001 -4.7935299E-002 -8.5301248E-001
+1.6200000E+003 -1.3406212E+000 -5.3018593E-002 -1.2876026E+000
+1.6260000E+003 +7.3374694E-001 -5.8101888E-002 +7.9184882E-001
+1.6320000E+003 +1.8228229E+000 -6.3185182E-002 +1.8860081E+000
+1.6380000E+003 -4.7289439E-001 -6.8268477E-002 -4.0462591E-001
+1.6440000E+003 -1.8530786E+000 -7.2856955E-002 -1.7802217E+000
+1.6500000E+003 -1.1175795E+000 -7.2249866E-002 -1.0453296E+000
+1.6560000E+003 -9.6642409E-001 -7.1642776E-002 -8.9478132E-001
+1.6620000E+003 +3.0018369E-001 -7.1035687E-002 +3.7121938E-001
+1.6680000E+003 +1.7818656E+000 -7.0428598E-002 +1.8522942E+000
+1.6740000E+003 +8.7807340E-001 -6.9821508E-002 +9.4789491E-001
+1.6800000E+003 -3.1190486E-001 -6.9214419E-002 -2.4269044E-001
+1.6860000E+003 -1.7889368E+000 -6.8607330E-002 -1.7203295E+000
+1.6920000E+003 -3.1540360E+000 -6.8000240E-002 -3.0860358E+000
+1.6980000E+003 -1.3083506E+000 -6.7393151E-002 -1.2409575E+000
+1.7040000E+003 +7.4684937E-001 -6.6786062E-002 +8.1363543E-001
+1.7100000E+003 +1.8101865E+000 -6.6178972E-002 +1.8763655E+000
+1.7160000E+003 +1.0801909E+000 -6.5571883E-002 +1.1457627E+000
+1.7220000E+003 -3.4468331E-001 -6.5857304E-002 -2.7882601E-001
+1.7280000E+003 +3.3959416E-002 -8.5777965E-002 +1.1973738E-001
+1.7340000E+003 +1.0144735E+000 -1.0569863E-001 +1.1201722E+000
+1.7400000E+003 +6.9519085E-001 -1.2561929E-001 +8.2081013E-001
+1.7460000E+003 +1.7443903E-001 -1.4553995E-001 +3.1997898E-001
+1.7520000E+003 +6.5056017E-001 -1.6546061E-001 +8.1602078E-001
+1.7580000E+003 +8.2192922E-001 -1.8538127E-001 +1.0073105E+000
+1.7640000E+003 +4.8697203E-001 -2.0530193E-001 +6.9227396E-001
+1.7700000E+003 -4.5581711E-001 -2.2522259E-001 -2.3059453E-001
+1.7760000E+003 -6.0785871E-001 -2.4514325E-001 -3.6271546E-001
+1.7820000E+003 -5.7047222E-001 -2.6506391E-001 -3.0540831E-001
+1.7880000E+003 -1.4448613E+000 -2.8498457E-001 -1.1598767E+000
+1.7940000E+003 -1.8321003E+000 -3.0490523E-001 -1.5271951E+000
+1.8000000E+003 -1.5331223E+000 -3.2482589E-001 -1.2082964E+000
